1001
1002
1003
1003
1004
1004
1005
1005
1006
1006
1007
1008
1008
1009
1009
1010
1011
1012
1012
1012
1013
1017
1018
1060
1101
1101
1101
1102
1102
1102
1103
1103
1104
1105
1106
1108
1111
1112
1112
1115
1115
1116
1117
1117
1117
1117
1117
1121
1122
1123
1123
1124
1124
1127
1128
1151
1152
1152
1152
1153
1153
1154
1154
1154
1155
1155
1155
1171
1171
1172
1173
1174
1174
1174
1201
1202
1203
1204
1206
1206
1208
1211
1212
1213
1214
1216
1301
1301
1302
1303
1303
1306
1441
1442
1443
1501
1502
1503
1503
1504
1504
1505
1506
1601
1602
1602
1603
1604
1606
1631
1632
1633
1633
1701
1702
1704
1705
1706
1707
1708
1708
2001
2002
2003
2003
2003
2004
2005
2006
2007
2007
2007
2007
2007
2007
2008
2010
2011
2012
2013
2015
2015
2016
2017
2018
2020
2025
2101
2101
2102
2103
2104
2105
2106
2107
2107
2108
2109
2151
2201
2202
2202
2203
2204
2204
2204
2204
2205
2205
2205
2205
2206
2206
2207
2207
2207
2207
2208
2208
2209
2301
2301
2302
2302
2303
2304
2313
2314
2315
2321
2321
2322
2322
2331
2401
2402
2402
2403
2404
2405
2405
2406
2406
2406
2407
2407
2602
2603
2604
2930
2930
2930
3003
3004
3005
3005
3006
3007
3008
3011
3012
3016
3017
3017
3018
3101
3102
3103
3104
3105
3106
3106
3107
3107
3108
3109
3109
3201
3202
3202
3203
3204
3205
3206
3206
3207
3208
3209
3301
3302
3302
3303
3304
3305
3306
3307
3311
3317
3321
3321
3401
3402
3402
3403
3405
4001
4001
4002
4003
4004
4005
4007
4008
4010
4011
4012
4013
4014
4015
4017
4101
4102
4103
4104
4105
4106
4107
4201
4202
4203
4301
4990
4995
5001
5002
5003
5004
5005
5006
5007
5007
5008
5010
5011
5012
5014
5015
5016
5101
5101
5102
5103
5105
5105
5105
5106
5107
5201
5202
5208
6001
6002
6003
6004
6005
6006
6007
6008
6009
6010
6011
6012
6013
6016
6021
6026
6033
6034
6036
6037
6039
6040
6041
6042
6045
6046
6047
6048
6049
6050
6054
6056
6058
6073
6081
6082
6083
6101
6102
6103
6105
6106
6107
6108
6111
6113
6114
6115
6116
6117
6121
6131
6133
6135
6141
6142
6143
6151
6152
6153
6156
6161
6162
6164
6172
6175
6180
6181
6182
6188
6189
6201
6202
6203
6204
6205
6206
6211
6211
6212
6213
6224
6225
6227
6231
6251
6252
6253
6254
6255
6271
6272
6281
6282
6284
6284
6285
6286
6289
6290
6291
6293
6295
6296
6299
6299
6299
6301
6302
6303
6304
6305
6306
6309
6311
6322
6331
6332
6333
6334
6335
6341
6342
6345
6348
6348
6353
6357
6358
6359
6364
6371
6371
6372
6391
6392
6392
6401
6402
6403
6404
6405
6406
6407
6408
6414
6501
6502
6503
6504
6506
6507
6511
6513
6514
6515
6516
6517
6517
6531
6532
6532
6535
6561
6601
6602
6603
6605
6606
6631
6632
6633
6666
6701
6702
6703
6704
6706
6708
6709
6721
6721
6801
6802
6803
6804
6804
6805
6808
6901
6901
6901
6902
6902
6902
6903
6903
6903
6904
6904
6905
6905
6905
6906
6906
6921
6922
7001
7002
7002
7003
7003
7004
7006
7007
7101
7102
7102
7103
7104
7105
7105
7106
7107
7107
7131
7134
7134
7201
7201
7201
7202
7203
7203
7204
7205
7301
7302
7302
7303
7304
7305
7401
7401
7402
7404
7502
7503
7503
8001
8001
8001
8002
8002
8003
8003
8003
8004
8004
8005
8005
8005
8008
8009
8010
8010
8010
8011
8012
8013
8013
8013
8098
8101
8102
8103
8104
8105
8106
8107
8108
8109
8201
8201
8202
8202
8203
8203
8204
8204
8205
8205
8206
8206
8206
8207
8207
8207
8207
8207
8207
8207
8208
8209
8209
8302
8302
8302
8303
8304
8305
8305
9001
9001
9001
9001
9002
9003
9004
9004
9007
9008
9008
9008
9008
9008
9008
9008
9016
9017
9101
9101
9101
9101
9101
9102
9103
9104
9201
9201
9201
9301
9301
9301
9301
9301
9301
9401
9401
9401
9401
9401
10001
10001
10002
10003
10003
10004
10004
10004
10004
10005
10006
10006
10007
10007
10007
10008
10009
10010
10011
10012
10013
10014
10015
10018
10025
10026
10026
10027
10032
10036
10041
10042
10065
10080
10081
10088
10089
10090
10092
10092
10096
10096
10101
10101
10102
10103
10103
10104
10105
10121
10123
10151
10151
10153
10154
10154
10201
10202
10202
10202
10208
10301
10302
10303
10371
10401
10402
10403
10404
10431
10431
10431
10431
10432
10433
10433
10433
10601
10601
10601
10601
10602
10602
10602
10603
10604
10604
10605
10606
10901
10901
10901
10902
11001
11002
11003
11004
11005
11007
11009
11010
11011
11012
11016
11017
11019
11021
11101
11102
11103
11104
11105
11106
11108
11109
11201
11202
11203
11203
11204
11205
11301
11303
11303
11303
11304
11402
11404
11405
11406
11408
11409
11451
11491
11491
11491
11492
11492
11493
11494
11781
11782
11785
11807
11835
11838
11850
11855
11860
11870
11878
11878
11880
11885
11890
12001
12002
12003
12003
12003
12005
12006
12007
12008
12020
12023
12024
12026
12027
12031
12032
12032
12032
12032
12032
12033
12033
12033
12033
12034
12034
12034
12035
12101
12102
12103
12103
12104
12106
12108
12201
12202
12202
12203
12204
12401
12402
13066
13082
13083
13084
13085
13086
13089
13091
13092
13093
13094
13095
13096
13097
13097
13098
13101
13106
13106
13107
13108
13128
13131
13132
13138
13141
13142
13142
13148
13151
13152
13153
13156
13158
13161
13163
13164
13165
13168
13177
13177
13178
13178
13178
13181
13182
13182
13191
13191
13192
13196
13201
13201
13202
13202
13202
13202
13203
13205
13207
13208
13211
13211
13213
13213
13215
13215
13215
13216
13217
13221
13221
13222
13222
13224
13224
13225
13226
13227
13227
13228
13229
13231
13231
13232
13232
13233
13233
13233
13234
13234
13234
13234
13235
13235
13236
13241
13241
13243
13243
13243
13244
13244
13244
13248
13251
13251
13251
13252
13253
13253
13254
13254
13256
13256
13256
13258
13259
13261
13262
13263
13264
13265
13266
13266
13267
13267
13268
13269
13271
13272
13273
13274
13275
13276
13277
13278
13281
13282
13282
13284
13285
13285
13286
13286
13288
13289
13291
13291
13292
13294
13295
13297
13298
13298
13298
13299
13301
13302
13302
13303
13304
13307
13308
13308
13309
13311
13312
13313
13314
13314
13315
13316
13317
13318
13321
13321
13322
13323
13324
13326
13327
13331
13331
13332
13332
13333
13339
13342
13344
13345
13348
13351
13352
13352
13354
13355
13356
13357
13359
13361
13362
13363
13363
13363
13364
13366
13367
13368
13371
13372
13373
13374
13374
13375
13375
13376
13377
13381
13382
13382
13382
13383
13384
13385
13385
13386
13387
13387
13388
13391
13392
13392
13393
13395
13395
13396
13397
13397
13401
13401
13401
13401
13401
13401
13401
13401
13402
13404
13406
13412
13415
13416
13417
13417
13422
13424
13425
13426
13431
13432
13441
13442
13443
13444
13445
13446
13447
13447
13447
13448
13451
13452
13453
13454
13455
13456
13458
13463
13464
13464
13464
13467
13471
13472
13473
13473
13474
13478
13481
13481
13484
13501
13502
13503
13511
13512
13514
13516
13518
13521
13522
13523
13524
13525
13528
13531
13532
13532
13532
13532
13532
13532
13532
13533
13538
13541
13542
13542
13545
13546
13547
13548
13549
13551
13552
13558
13567
13567
13567
13568
13568
13572
13581
13581
13591
13591
13591
13592
13593
13594
13594
13595
13601
13602
13603
13603
13604
13605
13606
13607
13608
13609
13611
13614
13615
13615
13616
13617
13621
13625
13626
13627
13628
13631
13632
13633
13635
13637
13642
13643
13645
13646
13651
13652
13653
13654
13655
13656
13656
13657
13658
13664
13665
13666
13667
13668
13671
13672
13673
13674
13675
13676
13677
13678
13681
13682
13683
13684
13685
13686
13691
13692
13693
13694
13695
13696
13697
13697
13698
13699
13701
13701
13702
13702
13703
13704
13705
13705
13708
13712
13713
13714
13715
13715
13716
13717
13718
13721
13721
13721
13722
13723
13724
13724
13725
13726
13727
13728
13729
13732
13741
13742
13742
13743
13744
13745
13746
13747
13749
13751
13752
13758
13762
13763
13771
13772
13773
13774
13775
13775
13777
13778
13779
13781
13782
13783
13784
13784
13785
13791
13792
13793
13794
13794
13795
13796
13797
13797
13798
13799
13801
13801
13802
13804
13805
13806
13808
13811
13813
13814
13815
13822
13825
13828
13831
13832
13833
13834
13835
13841
13844
13845
13846
13847
13851
13851
13851
13852
13854
13854
13855
13856
13857
13858
13881
13883
13887
13895
13897
13900
13905
13908
13916
13917
13921
13923
13924
13926
13933
13998
13998
13998
13998
13998
14001
14002
14003
14005
14006
14007
14008
14009
14010
14011
14012
14012
14013
14014
14015
14015
14016
14017
14018
14019
14019
14020
14020
14021
14022
14023
14024
14026
14027
14028
14031
14032
14033
14034
14034
14035
14036
14037
14038
14039
14040
14042
14045
14046
14048
14050
14052
14053
14054
14057
14058
14061
14062
14063
14064
14065
14066
14067
14070
14072
14074
14075
14076
14077
14078
14079
14082
14084
14086
14089
14093
14094
14095
14101
14101
14102
14102
14102
14103
14103
14103
14104
14105
14106
14106
14107
14107
14125
14126
14127
14127
14128
14161
14162
14168
14201
14202
14203
14204
14208
14209
14401
14401
14402
14403
14403
14404
14404
14404
14405
14406
14406
14408
14461
14501
14502
14503
14504
14505
14508
14601
14601
14602
14603
14651
14652
14652
14653
14653
14653
14653
14653
14654
14791
14791
14792
14801
14802
14803
14803
14804
14805
14806
14807
14808
14808
14902
14907
14909
14911
14911
14915
15001
15002
15003
15003
15004
15005
15006
15007
15008
15010
15011
15012
15013
15014
15015
15017
15018
15101
15102
15102
15102
15103
15104
15105
15106
15107
15229
16001
16002
16003
16004
16005
16006
16007
16008
16010
16011
16012
16015
16016
16017
16021
16022
16023
16024
16025
16025
16101
16101
16101
16102
16102
16103
16103
16104
16104
16105
16106
16106
16106
16108
16108
16111
16111
16112
16112
16112
16112
16121
16121
16123
16123
16903
16910
16915
16917
16920
16959
17001
17001
17002
17003
17004
17005
17006
17007
17008
17009
17010
17011
17012
17013
17014
17017
17018
17019
17020
17021
17022
17022
17023
17024
17025
17026
17028
17030
17031
17032
17033
17035
17039
17041
17042
17043
17044
17045
17047
17053
17053
17071
17074
17076
17086
17087
17087
17088
17101
17101
17102
17102
17103
17103
17104
17104
17105
17105
17105
17105
17106
17107
17108
17112
17115
17119
17119
17181
17182
17183
17184
17185
17187
17201
17201
17202
17202
17203
17203
17203
17204
17204
17205
17205
17206
17206
17207
17207
17207
17208
17208
17211
17281
17285
17301
17301
17302
17302
17302
17303
17304
17304
17305
17306
17306
17307
17307
17308
17308
17311
17312
17313
17314
17411
17412
17412
17413
17413
17414
17414
17415
17415
17416
17441
17442
17443
17444
17501
17501
17501
17501
17502
17503
17503
17504
18001
18002
18002
18003
18003
18004
18005
18006
18007
18008
18009
18012
18013
18014
18014
18015
18015
18016
18019
18020
18021
18022
18023
18023
18024
18025
18026
18027
18028
18030
18031
18033
18035
18037
18101
18102
18103
18104
18104
18105
18106
18107
18108
18201
18201
18202
18203
18204
18206
18207
18207
18910
18924
18935
18941
19001
19001
19002
19003
19004
19005
19007
19011
19012
19012
19015
19033
19101
19102
19103
19104
19105
19106
19107
19108
19109
19201
19202
19203
19204
19208
19208
19231
19231
19311
19311
19311
19311
19311
19311
19312
19316
19318
19361
20162
20174
20175
20176
20177
20177
20178
20179
20179
20180
20181
20182
20183
20184
20185
20186
20188
20189
20191
20192
20193
20195
20288
20289
20291
20292
20293
20294
20295
20296
20297
20298
20298
20302
20303
20306
20401
20402
20405
20407
20410
20411
20416
20501
20501
20501
20502
20502
20502
20503
20503
20503
20504
20504
20537
20538
20601
20601
20604
20611
20700
20700
20700
20701
20702
20704
21001
21002
21003
21004
21005
21006
21007
21008
21009
21010
21011
21012
21013
21014
21015
21016
21017
21018
21019
21019
21021
21022
21023
21024
21025
21026
21027
21028
21029
21030
21031
21032
21033
21034
21035
21036
21038
21041
21042
21047
21051
21053
21054
21055
21056
21057
21058
21059
21060
21062
21062
21065
21066
21067
21067
21068
21070
21071
21072
21073
21074
21075
21075
21076
21077
21077
21078
21078
21079
21080
21085
21094
21201
21201
21202
21202
21203
21204
21205
21205
21205
21205
21205
21206
21207
21208
21209
21209
21261
21301
21302
21303
21304
21401
21401
21402
21402
21402
21403
21501
21501
21502
21506
21506
21506
21506
21506
21506
21506
21601
21602
21602
21603
21604
21701
21702
21703
21704
21704
21801
21802
21802
21803
21806
22001
22002
22003
22004
22004
22005
22008
22009
22015
22017
22021
22022
22023
22024
22025
22027
22035
22041
22042
22043
22044
22045
22046
22070
22091
22098
22099
22101
22102
22102
22102
22103
22103
22103
22103
22104
22105
22105
22105
22106
22106
22106
22106
22107
22107
22108
22108
22191
22192
22193
22194
22195
22196
22197
22198
22201
22201
22201
22202
22202
22202
22202
22203
22203
22203
22204
22205
22205
22205
22206
22206
22301
22302
22303
22304
22305
22305
22307
22402
22402
22402
22403
22403
22403
22404
22405
22405
22501
22501
22502
22503
22504
22505
22602
22603
22604
22604
22605
22606
22607
23001
23001
23001
23002
23003
23003
23004
23005
23005
23006
23006
23007
23008
23009
23011
23012
23014
23015
23020
24001
24001
24002
24002
24003
24004
24005
24005
24007
24009
24009
24010
24012
24016
24017
24019
24021
24022
24024
24029
24051
24051
24051
24052
24052
24053
24054
24054
24059
24060
24102
24104
24105
24106
24107
24108
24112
24112
24112
24113
24114
24121
24121
24122
24122
24122
24201
24201
24202
24203
24204
24204
24205
24206
24206
24212
24751
24751
24752
24755
24759
24759
25001
25002
25003
25004
25004
25004
25005
25006
25007
25008
25009
25009
25010
25011
25012
25013
25013
25014
25015
25016
25017
25018
25019
25020
25021
25022
25022
25023
25024
25025
25026
25027
25030
25031
25034
25035
25036
25037
25041
25042
25043
25044
25045
25045
25045
25045
25046
25046
25046
25046
25047
25047
25047
25047
25048
25048
25048
25048
25049
25050
25051
25052
25057
25058
25071
25075
25075
25084
25087
25090
25112
25112
25112
25114
25116
25116
25201
25201
25202
25203
25204
25205
25206
25207
25208
25208
25209
25211
25211
25214
25215
25217
25301
25301
25301
25301
25302
25302
25303
25304
25401
25402
25402
25403
25403
25404
25404
25405
25405
25409
25409
25409
25409
25461
25461
25461
25461
25462
25501
25502
25502
25503
25503
25504
25601
25601
25602
25602
25603
25701
25702
25702
25708
26001
26002
26002
26003
26004
26005
26006
26007
26008
26009
26010
26011
26012
26013
26014
26015
26021
26023
26024
26026
26026
26027
26028
26030
26031
26101
26102
26103
26103
26104
26104
26105
26106
26107
26109
26111
26111
26111
26111
26131
26201
26201
26201
26202
26202
26202
26203
26203
26203
26203
26204
26204
26205
26205
26206
26207
26208
26216
26241
26241
26243
26243
26243
26301
26302
26302
26303
26303
26304
26401
26401
26402
26402
26501
26502
26503
26504
26601
26602
26602
26602
26603
26603
26701
26701
26701
26702
26761
26761
26761
26801
26801
26801
26802
26802
26901
26902
26903
26904
26905
26906
26953
26954
26958
26958
26958
27001
27001
27002
27002
27003
27004
27004
27004
27004
27005
27006
27006
27007
27007
27008
27009
27009
27013
27015
27016
27016
27017
27017
27018
27018
27019
27021
27022
27023
27025
27026
27027
27030
27031
27032
27032
27033
27034
27035
27035
27035
27036
27037
27038
27040
27091
27091
27091
27092
27094
27101
27102
27103
27104
27104
27105
27105
27106
27107
27107
27108
27108
27109
27122
27122
27122
27127
27131
27131
27132
27133
27134
27135
27137
27201
27202
27203
27204
27205
27207
27208
27301
27301
27301
27302
27303
27303
27304
27304
27305
27306
27306
27306
27307
27307
27307
27308
27401
27401
27401
27402
27403
27403
27403
27404
27404
27405
27405
27406
27406
27407
27501
27501
27501
27501
27502
27502
27502
27502
27502
27503
27504
27504
27504
27505
27505
27506
27506
27507
27508
27607
27607
27607
27701
27702
27703
27704
27705
27931
27932
27932
27933
28001
28001
28002
28003
28003
28004
28004
28004
28004
28004
28005
28006
28006
28007
28008
28008
28009
28011
28011
28011
28018
28019
28023
28024
28025
28026
28030
28080
28101
28101
28102
28102
28102
28103
28104
28104
28105
28106
28106
28106
28106
28106
28106
28107
28109
28109
28109
28109
28111
28112
28113
28114
28131
28131
28132
28132
28132
28132
28133
28201
28201
28202
28202
28203
28205
28211
28211
28211
28231
28231
28232
28233
28234
28301
28302
28302
28303
28305
28401
28402
28402
28403
28403
28404
28404
28404
28409
28501
28631
28631
28631
28633
28633
28633
28633
28637
28637
28637
28637
28637
28637
28637
28637
28701
28701
28701
28701
28702
28702
28703
28703
28932
29018
29019
29101
29102
29103
29104
29105
29106
29107
29108
29109
29121
29121
29122
29122
29122
29123
29123
29124
29124
29125
29125
29129
29129
29171
29172
29173
29174
29175
29176
29177
29181
29182
29183
29184
29185
29185
29186
29186
29187
29191
29193
29194
29195
29196
29201
29201
29202
29203
29203
29204
29204
29205
29205
29205
29205
29206
29207
29207
29207
29207
29207
29208
29209
29210
29211
29212
29213
29218
29219
29220
29221
29222
29223
29225
29228
29229
29231
29238
29238
29239
29240
29240
29265
29266
29267
29268
29269
29272
29272
29273
29274
29274
29275
29276
29277
29278
29279
29281
29282
29283
29284
29285
29286
29287
29288
29291
29320
29322
29323
29325
29327
29330
29331
29334
29335
29336
29337
29391
29392
29393
29394
29395
29396
29398
29401
29401
29402
29403
29404
29404
29406
29411
29411
29411
29412
29413
29413
29413
29414
29419
29419
29455
29551
29551
29552
29552
29553
29555
29556
29556
29556
29557
29558
29561
29563
29601
29601
29603
29604
29607
29608
29608
29609
29671
29671
29671
29672
29672
29673
29673
29674
29678
29678
29679
29679
29681
29682
29801
29801
29801
29802
29802
29802
29803
29803
29803
29804
29804
29804
29806
29806
29808
29828
29833
29834
29835
30001
30002
30003
30004
30009
30009
30010
30011
30012
30013
30014
30015
30016
30017
30018
30019
30020
30021
30022
30023
30024
30029
30031
30032
30033
30034
30035
30036
30039
30040
30043
30044
30045
30048
30050
30051
30055
30101
30101
30102
30102
30103
30104
30105
30106
30107
30109
30115
30123
30123
30123
30123
30123
30134
30201
30202
30203
30203
30204
30204
30205
30206
30206
30207
30207
30251
30252
30253
30255
30255
30301
30302
30311
30318
30319
30319
30319
30402
30404
30406
30701
30701
30702
30703
30703
30703
30903
30904
30905
30906
30907
30908
30910
30911
30912
30913
30914
30915
30918
30918
30921
30922
30931
30932
30932
30936
30937
30941
30942
30942
30943
30947
30969
30969
30971
30972
31001
31002
31003
31004
31005
31006
31007
31008
31009
31010
31011
31012
31013
31014
31015
31016
31017
31018
31019
31020
31021
31022
31023
31024
31025
31026
31027
31028
31029
31030
31031
31032
31033
31035
31036
31037
31038
31039
31040
31042
31046
31047
31049
31050
31051
31052
31054
31055
31056
31057
31058
31059
31060
31061
31062
31063
31064
31065
31066
31068
31069
31070
31071
31071
31072
31073
31074
31075
31076
31077
31078
31079
31080
31081
31082
31084
31085
31086
31089
31090
31091
31093
31094
31094
31095
31096
31098
31103
31104
31106
31109
31121
31121
31121
31122
31123
31124
31124
31127
31128
31131
31131
31131
31132
31132
31132
31132
31133
31133
31134
31135
31138
31141
31141
31142
31142
31142
31142
31151
31151
31151
31151
31152
31152
31152
31201
31202
31203
31204
31205
31241
31241
31242
31242
31243
31311
31312
31313
31314
31319
31321
31321
31322
31322
31322
31325
31326
31326
31402
31403
31404
31405
31406
31432
31502
31504
31505
31506
31507
31512
31521
31522
31526
31527
31601
31602
31603
31603
31604
31605
31605
31607
31621
31621
31671
31671
31671
31671
31671
31672
31673
31674
31675
31676
31676
31676
31677
31678
31681
31682
31683
31685
31692
31701
31702
31702
31703
31703
31703
31703
31704
31704
31705
31705
31706
31712
31715
31716
31771
31772
31773
31774
31776
31777
31801
31801
31802
31802
31803
31804
31806
31806
31831
31832
31901
31903
31908
31911
31914
31921
31931
31950
32001
32002
32003
32003
32004
32005
32007
32008
32009
32010
32011
32012
32013
32014
32018
32020
32021
32022
32201
32201
32201
32201
32501
32501
32501
32502
33001
33002
33005
33006
33007
33008
33009
33010
33012
33015
33019
33020
33021
33023
33024
33025
33026
33027
33028
33029
33030
33031
33032
33034
33035
33036
33037
33038
33041
33042
33045
33046
33048
33049
33049
33050
33052
33053
33054
33056
33057
33058
33059
33060
33061
33062
33063
33064
33065
33067
33068
33070
33071
33072
33073
33074
33075
33076
33077
33078
33079
33080
33080
33081
33081
33082
33083
33084
33084
33085
33086
33087
33090
33092
33096
33116
33151
33152
33153
33155
33164
33165
33166
33166
33166
33167
33171
33173
33174
33175
33186
33187
33191
33192
33192
33211
33211
33212
33212
33212
33212
33212
33212
33212
33213
33213
33271
33272
33272
33274
33291
33292
33293
33294
33294
33294
33295
33305
33306
33311
33312
33313
33314
33314
33321
33322
33323
33324
33326
33327
33327
33341
33341
33341
33391
33391
33392
33393
33394
33394
33394
33395
33401
33401
33401
33402
33402
33403
33404
33405
33405
33451
33451
33452
33491
33492
33501
33502
33503
33504
33505
33505
33506
33506
33521
33521
33522
33523
33525
33525
33561
33561
33563
33564
33565
33565
33565
33601
33602
33603
33603
33604
33605
33606
33607
33607
33607
33608
33609
33611
33612
33612
33615
33625
33652
33652
33652
33652
33691
33692
33693
33694
33695
33696
33697
33698
33701
33702
33702
33703
33704
33705
33706
33707
33708
33882
33882
33883
33884
33885
33886
33887
33998
33998
34001
34002
34003
34004
34005
34006
34007
34008
34009
34010
34010
34010
34011
34012
34023
34024
34025
34026
34027
34030
34032
34033
34034
34034
34034
34035
34036
34037
34040
34041
34042
34043
34045
34047
34048
34050
34050
34053
34054
34055
34056
34057
34058
34059
34060
34061
34062
34063
34064
34065
34067
34068
34071
34072
34072
34073
34074
34075
34076
34077
34078
34081
34083
34085
34086
34087
34088
34091
34092
34093
34094
34095
34096
34097
34098
34099
34111
34112
34113
34115
34117
34118
34118
34131
34131
34131
34132
34134
34135
34137
34137
34138
34171
34172
34172
34173
34174
34174
34178
34178
34178
34178
34181
34183
34184
34184
34186
34187
34192
34193
34194
34195
34196
34197
34198
34199
34201
34202
34203
34204
34207
34261
34262
34264
34265
34267
34276
34293
34293
34294
34295
34296
34298
34301
34302
34303
34304
34305
34306
34307
34308
34309
34313
34321
34394
34395
34397
34397
34398
34401
34401
34402
34402
34402
34403
34403
34403
34431
34432
34433
34433
34433
34433
34434
34434
34435
34438
34471
34472
34473
34474
34475
34476
34477
34501
34502
34503
34504
34505
34506
34506
34508
34513
34514
34515
34516
34521
34525
34526
34529
34535
34535
34536
34536
34537
34543
34544
34545
34555
34671
34701
34701
34702
34702
34741
34741
34741
34742
34747
34748
34748
34748
34751
34753
34871
34871
34872
34873
34873
34874
34875
34933
34934
34935
34937
34938
34940
34943
34944
34953
34954
34960
34961
34965
34965
34966
34967
34971
34972
34973
34976
34977
34978
34979
34981
34981
34983
34984
34985
34985
34987
35002
35003
35004
35005
35005
35006
35007
35008
35009
35010
35011
35012
35012
35013
35014
35015
35016
35018
35019
35020
35021
35022
35024
35025
35026
35027
35027
35028
35029
35030
35031
35032
35032
35032
35033
35034
35035
35036
35037
35038
35038
35039
35040
35040
35041
35042
35043
35044
35045
35047
35048
35050
35051
35052
35053
35055
35056
35056
35059
35060
35061
35062
35063
35064
35065
35065
35066
35067
35069
35074
35075
35077
35079
35081
35083
35088
35091
35091
35091
35091
35092
35101
35102
35103
35104
35105
35106
35108
35161
35162
35162
35162
35162
35164
35164
35164
35171
35172
35174
35176
35177
35201
35202
35203
35204
35205
35205
35207
35207
35208
35208
35221
35236
35236
35301
35301
35301
35302
35302
35302
35302
35302
35303
35304
35304
35305
35305
35306
35306
35306
35341
35342
35401
35402
35403
35404
35405
35406
35407
35408
35409
35411
35412
35413
35416
35417
35418
35435
35501
35501
35502
35503
35504
35505
35506
35507
35511
35512
35513
35514
35515
35517
35518
35521
35522
35522
35531
35532
35532
35533
35538
35538
35538
35538
35538
35538
35571
35572
35573
35574
35576
35577
35601
35602
35603
35603
35603
35603
35605
35606
35651
35652
35653
35701
35702
35703
35704
35705
35706
35708
35711
35741
35742
35743
35746
35761
35762
35763
35766
35766
35766
35766
35767
35768
35768
35768
35768
35768
35768
35769
35771
35772
35801
35801
35801
35802
35802
35802
35803
35803
35803
35831
35909
35913
35920
35920
35921
35921
35998
36001
36001
36002
36002
36002
36003
36004
36004
36005
36006
36006
36006
36007
36008
36012
36014
36015
36016
36018
36018
36019
36020
36021
36022
36024
36025
36026
36028
36101
36102
36103
36104
36105
36105
36105
36107
36131
36255
36301
36501
37001
37002
37004
37004
37004
37005
37006
37008
37009
37010
37011
37012
37013
37014
37015
37016
37016
37017
37018
37019
37020
37021
37022
37023
37023
37024
37025
37025
37026
37027
37028
37029
37032
37033
37034
37035
37038
37041
37042
37043
37044
37044
37044
37048
37058
37059
37060
37071
37072
37073
37074
37074
37075
37079
37081
37082
37095
37097
37171
37171
37172
37173
37174
37175
37176
37204
37205
37206
37206
37301
37302
37303
37304
37305
37306
37401
37401
37401
37402
37402
37403
37403
37501
37501
37501
37502
37502
37521
37541
37541
37542
37551
37552
37553
37554
37601
37602
37602
37701
37701
37702
37703
37705
37917
37924
37925
37926
37928
38001
38002
38003
38004
38005
38006
38007
38008
38009
38009
38010
38011
38012
38013
38014
38015
38016
38017
38018
38019
38020
38021
38022
38023
38024
38025
38026
38027
38028
38029
38030
38031
38031
38032
38033
38034
38035
38036
38036
38037
38040
38040
38040
38040
38040
38040
38040
38040
38040
38041
38041
38041
38041
38042
38042
38043
38043
38043
38044
38046
38047
38048
38050
38050
38051
38053
38053
38054
38058
38074
38077
38081
38081
38091
38092
38093
38096
38096
38146
38147
38148
38148
38152
38161
38161
38162
38163
38164
38165
38171
38172
38172
38174
38191
38191
38201
38201
38202
38203
38203
38204
38204
38205
38205
38206
38208
38209
38211
38216
38216
38217
38217
38231
38231
38232
38241
38242
38243
38244
38246
38261
38261
38291
38291
38291
38292
38295
38297
38297
38297
38301
38302
38303
38303
38304
38305
38305
38307
38307
38307
38307
38307
38308
38309
38311
38311
38312
38312
38313
38314
38315
38315
38317
38321
38321
38322
38322
38326
38326
38331
38331
38332
38333
38334
38341
38342
38343
38345
38346
38346
38346
38347
38347
38347
38351
38352
38352
38352
38352
38352
38353
38353
38354
38354
38354
38354
38354
38357
38358
38361
38361
38401
38401
38402
38402
38403
38404
38405
38406
38407
38431
38432
38433
38434
38434
38435
38436
38436
38437
38501
38501
38502
38503
38504
38505
38505
38506
38506
38507
38509
38511
38516
38516
38521
38521
38522
38522
38523
38524
38526
38552
38554
38554
38555
38555
38555
38555
38555
38555
38555
38556
38556
38556
38556
38556
38601
38602
38603
38701
38701
38702
38702
38706
38707
38761
38763
38782
38783
38783
38783
38783
38801
38802
38803
38811
38816
38821
38921
38926
38926
38944
39001
39001
39002
39002
39003
39003
39003
39004
39004
39005
39006
39007
39007
39008
39008
39009
39009
39009
39015
39016
39021
39021
39030
39034
39039
39101
39102
39102
39103
39104
39104
39104
39105
39105
39106
39107
39108
39108
39109
39171
39181
39181
39201
39202
39203
39204
39205
39206
39261
39261
39301
39301
39301
39302
39302
39302
39302
39302
39303
39304
39305
39401
39401
39401
39402
39402
39403
39404
39501
39502
39601
39602
39602
39602
39602
39603
39801
39801
39801
39802
39802
39802
39802
40001
40001
40002
40003
40004
40005
40006
40006
40010
40011
40012
40013
40015
40016
40017
40022
40024
40025
40101
40102
40103
40104
40105
40106
40107
40108
40141
40161
40161
40201
40201
40202
40231
40231
40281
40282
40301
40501
40501
40501
40501
40501
40502
40601
40602
40705
40801
40805
40991
40992
40993
40994
41003
41004
41005
41006
41007
41007
41008
41008
41009
41010
41011
41012
41013
41013
41013
41013
41015
41016
41018
41018
41020
41022
41023
41026
41028
41029
41029
41029
41033
41033
41033
41034
41034
41035
41043
41101
41101
41102
41102
41102
41103
41103
41105
41106
41121
41121
41151
41151
41201
41202
41203
41204
41205
41206
41208
41261
41353
41353
41353
41354
41354
41401
41401
41402
41406
41913
41913
41914
42001
42002
42003
42004
42005
42006
42007
42008
42009
42009
42009
42009
42009
42010
42011
42012
42013
42014
42015
42016
42021
42022
42023
42024
42025
42026
42027
42028
42029
42030
42031
42041
42042
42043
42048
42050
42055
42055
42124
42124
42125
42126
42126
42161
42161
42162
42163
42163
42164
42165
42166
42166
42173
42173
42174
42271
42272
42276
42277
42301
42302
42303
42308
42308
42311
42311
42312
42313
42314
42322
42323
42328
42332
42333
42333
42333
42334
42334
42334
42335
42351
42353
42401
42402
42403
42405
42406
42408
42484
42486
42501
42502
42502
42505
42601
42601
42602
42603
42603
42604
42604
42604
42605
42653
42701
42702
42703
42704
42705
42801
42802
42808
42950
42951
42951
42952
42954
42955
42964
43001
43001
43002
43003
43003
43004
43004
43005
43006
43008
43008
43008
43008
43009
43009
43009
43009
43010
43011
43011
43012
43017
43017
43101
43102
43102
43103
43201
43202
44001
44002
44003
44004
44005
44006
44007
44008
44008
44009
44010
44010
44011
44012
44013
44014
44015
44016
44017
44018
44019
44020
44021
44022
44023
44024
44024
44024
44032
44033
44034
44035
44035
44036
44038
44040
44041
44042
44046
44047
44053
44059
44061
44062
44063
44065
44066
44067
44070
44071
44072
44074
44075
44076
44077
44078
44079
44081
44082
44083
44084
44085
44086
44087
44088
44090
44092
44093
44094
44096
44097
44101
44102
44103
44104
44105
44106
44107
44109
44121
44121
44122
44122
44122
44123
44123
44124
44124
44124
44126
44126
44141
44141
44142
44143
44143
44143
44144
44144
44145
44146
44151
44152
44152
44153
44153
44153
44153
44154
44154
44155
44156
44157
44158
44158
44158
44176
44179
44184
44185
44186
44187
44188
44191
44191
44192
44192
44193
44194
44194
44194
44194
44195
44196
44196
44196
44198
44198
44201
44202
44203
44204
44205
44211
44212
44213
44213
44214
44215
44232
44233
44234
44235
44236
44241
44242
44243
44243
44244
44245
44245
44261
44262
44263
44265
44272
44273
44274
44275
44276
44277
44301
44302
44303
44304
44305
44306
44307
44308
44311
44312
44313
44314
44315
44316
44319
44321
44322
44323
44324
44325
44326
44327
44328
44329
44331
44332
44333
44334
44335
44336
44337
44338
44339
44341
44342
44343
44344
44346
44349
44351
44352
44353
44354
44356
44372
44373
44401
44402
44403
44403
44404
44405
44406
44407
44408
44412
44471
44471
44472
44472
44473
44473
44474
44475
44476
44477
44478
44481
44481
44482
44483
44484
44501
44502
44503
44504
44505
44506
44601
44602
44603
44604
44605
44606
44608
44611
44612
44613
44614
44614
44615
44616
44617
44701
44702
44703
44706
44707
44708
44801
44802
44803
44804
44805
44806
44806
44807
44811
44812
44813
44814
44815
44816
44816
44817
44818
44819
44821
44823
44824
44829
44900
44914
44919
44921
44922
44923
44926
44931
44932
44933
44939
44945
44949
44958
44963
44964
44966
44968
44981
44982
44983
44984
44985
44986
45001
45002
45003
45004
45005
45006
45006
45007
45008
45009
45009
45010
45011
45012
45015
45016
45017
45019
45021
45022
45023
45027
45028
45029
45030
45031
45032
45033
45034
45035
45038
45040
45041
45042
45043
45044
45045
45046
45047
45052
45053
45056
45057
45058
45060
45060
45061
45062
45063
45064
45065
45067
45067
45068
45069
45071
45072
45072
45073
45074
45074
45075
45077
45081
45082
45084
45121
45121
45121
45125
45125
45125
45125
45125
45125
45125
45141
45141
45142
45142
45143
45143
45144
45144
45144
45145
45146
45146
45147
45147
45161
45161
45161
45162
45163
45163
45165
45166
45201
45201
45202
45202
45203
45203
45204
45204
45205
45207
45207
45208
45209
45211
45213
45214
45302
45302
45303
45303
45303
45304
45304
45305
45305
45305
45305
45306
45307
45307
45308
45308
45308
45312
45331
45401
45401
45402
45403
45403
45404
45404
45409
45409
45409
45432
45432
45433
45433
45501
45502
45503
45504
45504
45655
45655
45701
45701
45702
45702
45771
45774
45801
45802
45803
45804
45808
45811
45811
45910
45915
45915
45920
45920
45921
45926
45944
45945
46001
46001
46002
46003
46004
46004
46004
46004
46005
46009
46010
46014
46015
46021
46022
46101
46101
46102
46103
46103
46106
46106
46106
46106
46106
46106
46106
47001
47002
47003
47004
47005
47006
47007
47008
47009
47013
47016
47023
47030
47031
47201
47201
47202
47203
47204
47205
47207
47208
47213
47213
47301
47302
47303
47304
47305
47305
47306
47306
47307
47308
47501
47501
47551
47551
47552
47555
47901
47901
47901
47916
47917
47921
47922
47922
47923
47924
47931
47931
48001
48001
48001
48001
48002
48003
48004
48005
48006
48008
48009
49001
49001
49001
49002
49002
49003
49003
49004
49005
49006
49007
49007
49008
49008
49009
49010
49010
49011
49013
49014
49015
49016
49017
49017
49017
49018
49020
49020
49021
49022
49023
49024
49025
49026
49027
49028
49032
49033
49034
49035
49035
49036
49036
49037
49039
49040
49041
49043
49044
49045
49047
49049
49051
49052
49055
49066
49071
49071
49072
49072
49072
49073
49101
49102
49103
49103
49104
49105
49106
49107
49109
49111
49115
49116
49135
49136
49137
49137
49180
49181
49182
49183
49184
49241
49242
49243
49244
49301
49302
49303
49303
49304
49305
49306
49307
49308
49309
49311
49312
49314
49319
49321
49325
49327
49328
49401
49402
49403
49404
49405
49406
49408
49409
49411
49412
49412
49413
49414
49415
49417
49418
49426
49427
49458
49481
49484
49501
49502
49503
49504
49505
49601
49602
49801
49802
49803
49804
49805
49912
49919
49927
49933
49934
49939
49941
50001
50001
50002
50003
50004
50004
50005
50006
50006
50007
50008
50009
50010
50010
50012
50015
50050
50101
50102
50103
50104
50105
50106
50107
50107
50108
50108
50114
50114
50114
50115
50201
50202
50203
50204
50205
50206
50207
50208
50208
50211
50301
50301
50302
50302
50303
50303
50303
50303
50304
50304
50307
50307
50307
50308
50401
50401
50402
50404
50405
50406
50406
50407
50441
50442
50651
50652
51001
51001
51005
51005
51006
51006
51006
51007
51008
51009
51009
51010
51011
51012
51013
51016
51017
51021
51022
51035
51036
51037
51038
51050
51051
51052
51053
51054
51055
51056
51057
51058
51058
51059
51060
51060
51061
51062
51063
51064
51065
51065
51066
51067
51068
51069
51070
51071
51072
51073
51073
51074
51077
51078
51080
51081
51081
51082
51084
51084
51086
51087
51088
51089
51090
51090
51092
51095
51096
51097
51121
51122
51122
51201
51201
51202
51202
51203
51203
51204
51204
51204
51205
51206
51206
51207
51208
51209
51301
51301
51302
51303
51304
51305
51305
51306
51307
51307
51308
51308
51308
51318
51318
51318
51319
51331
51332
51334
51361
51401
51431
51432
51433
51434
51434
51435
51555
51558
51571
51573
51601
51601
51662
51664
51673
51677
51678
51679
51682
51683
51684
51685
51685
51686
51687
51688
51689
51713
51715
51721
51722
51723
51724
51725
51726
51726
51726
51766
51801
51871
51873
51873
51884
51886
51886
51886
52001
52002
52003
52004
52005
52006
52007
52008
52009
52011
52012
52014
52015
52016
52101
52102
52103
52103
52104
52105
52106
52107
52108
52108
52112
52112
52114
52115
52115
52201
52201
52201
52202
52202
52203
52204
52205
52206
52206
52206
52206
52206
52207
52208
52301
52502
52502
52502
52502
52901
52901
52901
52901
52901
52902
52903
52903
52904
52905
52906
52915
52920
53001
53001
53002
53003
53003
53003
53004
53005
53005
53006
53006
53007
53007
53008
53009
53009
53010
53012
53012
53013
53013
53014
53015
53020
53020
53021
53022
53030
53031
53032
53041
53042
53061
53061
53061
53061
53062
53062
53062
53062
53063
53063
53083
53085
53087
53088
53089
53090
53101
53101
53101
53102
53103
53104
53105
53201
53201
53201
53202
53202
53203
53203
53203
53204
53204
53205
53205
53205
53601
53601
53601
53602
53811
53941
53942
54001
54002
54003
54004
54005
54005
54006
54007
54008
54009
54010
54011
54012
54013
54014
54015
54015
54016
54016
54017
54017
54021
54022
54023
54027
54029
54032
54035
54036
54037
54038
54039
54041
54042
54043
54045
54046
54047
54048
54052
54054
54056
54062
54063
54064
54073
54074
54075
54096
54097
54098
54132
54133
54138
54151
54152
54153
54154
54181
54181
54182
54182
54182
54182
54183
54184
54184
54185
54186
54201
54201
54201
54201
54202
54202
54203
54203
54204
54205
54205
54206
54206
54206
54207
54261
54262
54263
54263
54271
54271
54271
54272
54272
54272
54273
54301
54301
54302
54302
54303
54303
54303
54304
54304
54305
54311
54311
54401
54401
54401
54402
54403
54404
54405
54407
54408
54411
54412
54413
54414
54414
54414
54414
54414
54414
54501
54502
54503
54504
54505
54506
54511
54512
54514
54515
54516
54518
54519
54521
54521
54522
54522
54523
54523
54524
54524
54525
54525
54526
54527
54601
54602
54603
54701
54701
54701
54701
54702
54703
54703
54704
54704
54705
54706
54706
54712
54712
54712
54713
54713
54713
54714
54715
54716
54801
54802
54802
54803
54803
55001
55001
55002
55002
55002
55003
55005
55005
55005
55006
55007
55008
55010
55012
55012
55012
55012
55013
55014
55014
55015
55020
55101
55101
55101
55101
55102
55103
55103
55104
55104
55105
55105
55105
55106
55107
55107
55107
55108
55108
55108
55108
55112
55113
55201
55202
55203
55205
55272
56001
56002
56003
56004
56004
56005
56005
56005
56006
56006
56006
56007
56007
56008
56009
56010
56011
56014
56015
56017
56018
56019
56020
56026
56029
56034
56035
56036
56037
56038
56039
56101
56102
56102
56103
56104
56105
56106
56107
56108
56108
56109
56171
56172
56174
56175
56178
56178
56201
56204
56231
56271
56272
56273
56274
56275
56276
56277
56301
56301
56302
56302
56303
56303
56303
56304
56304
56304
56305
56306
56306
56306
56306
56307
56308
56311
56312
56314
56315
56317
56321
56322
56323
56324
56325
56327
56341
56342
56343
56381
56382
56383
56401
56401
56401
56402
56402
56402
56402
56402
56403
56404
56404
56404
56406
56408
56411
56411
56501
56501
56502
56502
56503
56504
56531
56532
56535
56601
56602
56602
56603
56603
56606
56607
56701
56702
56703
56704
56704
56704
56801
56802
56803
56803
56804
56804
56805
56851
56854
56855
56891
56891
56891
56892
56896
56956
56998
56998
57001
57003
57004
57005
57006
57007
57008
57009
57010
57011
57011
57012
57013
57014
57015
57016
57017
57018
57019
57020
57021
57023
57024
57025
57026
57028
57030
57032
57034
57035
57036
57037
57037
57038
57040
57041
57044
57045
57045
57046
57051
57051
57051
57052
57053
57053
57054
57054
57056
57057
57057
57061
57062
57063
57063
57063
57071
57072
57072
57073
57074
57075
57075
57076
57076
57077
57078
57078
57082
57084
57084
57085
57101
57102
57103
57104
57105
57105
57105
57106
57106
57108
57109
57125
57126
57127
57129
57131
57131
57131
57132
57132
57133
57133
57141
57143
57144
57144
57144
57146
57146
57146
57147
57147
57148
57148
57151
57151
57152
57152
57153
57153
57153
57153
57157
57157
57161
57161
57161
57161
57161
57162
57162
57163
57191
57192
57201
57201
57202
57203
57204
57205
57205
57206
57207
57208
57209
57211
57214
57215
57216
57218
57231
57232
57281
57281
57282
57282
57283
57283
57283
57283
57292
57293
57294
57301
57301
57302
57303
57304
57311
57312
57319
57351
57352
57354
57354
57361
57362
57363
57371
57372
57381
57381
57381
57382
57383
57401
57401
57401
57402
57402
57402
57402
57403
57403
57404
57501
57501
57502
57503
57503
57504
57505
57506
57507
57508
57601
57601
57601
57602
57602
57602
57603
57603
57604
57604
57604
57604
57604
57605
57605
57608
57608
57609
57612
57701
57701
57701
57702
57702
57703
57704
57704
57704
57705
57705
57706
57731
57774
57801
57801
57802
57803
57803
57804
57911
57912
57913
57951
57952
57954
57957
57958
57971
57971
57971
57972
57972
57973
57973
57974
57978
58001
58002
58003
58003
58004
58005
58005
58006
58006
58007
58008
58010
58013
58016
58017
58018
58019
58020
58022
58026
58027
58028
58033
58034
58039
58201
58202
58203
58204
58205
58206
58206
58206
58208
58209
58301
58301
58301
58301
58302
58401
58402
58405
58501
58502
58502
58502
58503
58503
58503
58503
58641
58641
58642
58642
58642
58643
59001
59002
59003
59003
59004
59005
59006
59007
59007
59008
59009
59010
59011
59012
59012
59012
59012
59013
59014
59015
59016
59016
59017
59018
59019
59020
59021
59022
59023
59024
59025
59026
59026
59027
59028
59029
59029
59030
59030
59031
59031
59032
59033
59033
59034
59035
59037
59039
59040
59041
59042
59043
59044
59045
59046
59047
59048
59049
59051
59052
59053
59054
59055
59056
59057
59058
59059
59060
59061
59062
59065
59066
59066
59070
59071
59073
59082
59202
59203
59207
59208
59209
59301
59301
59302
59302
59303
59303
59303
59304
59304
59304
59305
59306
59307
59307
59308
59308
59308
59309
59309
59309
59312
59312
59312
59312
59313
59313
59316
59316
59316
59318
59321
59321
59322
59326
59326
59328
59328
59331
59332
59333
59334
59335
59336
59337
59338
59341
59351
59351
59358
59358
59358
59361
59362
59362
59362
59363
59363
59365
59369
59373
59374
59375
59375
59376
59377
59378
59379
59379
59381
59381
59382
59382
59383
59383
59385
59386
59391
59392
59393
59401
59401
59402
59403
59403
59404
59405
59406
59407
59408
59409
59411
59412
59413
59413
59416
59416
59421
59422
59424
59424
59424
59426
59427
59428
59429
59431
59432
59433
59435
59436
59437
59441
59442
59443
59444
59445
59447
59451
59452
59461
59462
59463
59464
59464
59465
59465
59465
59466
59471
59472
59472
59473
59474
59474
59475
59475
59476
59481
59481
59481
59481
59481
59481
59482
59482
59482
59482
59482
59487
59497
59501
59501
59501
59502
59502
59502
59503
59503
59504
59505
59506
59506
59506
59507
59507
59508
59509
59509
59509
59509
59509
59509
59522
59523
59523
59523
59524
59524
59524
59529
59529
59531
59532
59535
59536
59536
59536
59536
59536
59537
59541
59542
59542
59543
59544
59555
59557
59557
59558
59559
59561
59562
59563
59564
59571
59572
59573
59581
59582
59583
59584
59587
59588
59588
59588
59589
59601
59602
59602
59603
59603
59604
59604
59605
59606
59606
59606
59607
59608
59608
59608
59608
59611
59611
59612
59613
59618
59618
59618
59635
59635
59635
59637
59637
59651
59652
59653
59654
59655
59656
59657
59658
59661
59662
59664
59664
59665
59666
59668
59669
59671
59672
59673
59701
59702
59703
59704
59705
59706
59707
59708
59708
59708
59708
59712
59712
59716
59718
59721
59721
59722
59723
59726
59726
59731
59731
59731
59731
59732
59732
59732
59733
59733
59734
59734
59791
59792
59811
59811
59811
59811
59812
59812
59812
59813
59813
59813
59814
59814
59815
59815
59817
59817
59818
59818
59831
59831
59832
59847
59849
59871
59872
59873
59874
59875
59876
59891
59891
59891
59891
59896
59932
59932
59933
59933
59941
59942
59943
59944
59944
59948
59951
59951
59951
59962
59963
59964
59972
59976
59998
60002
60002
60004
60005
60005
60006
60007
60007
60007
60008
60008
60009
60009
60009
60010
60012
60013
60014
60016
60018
60021
60022
60023
60024
60025
60026
60026
60031
60102
60103
60103
60104
60105
60106
60106
60106
60107
60107
60107
60109
60111
60111
60114
60114
60115
60121
60121
60131
60131
60131
60131
60131
60132
60132
60181
60183
60201
60201
60201
60202
60202
60203
60204
60204
60204
60205
60205
60205
60206
60206
60206
60207
60208
60208
60209
60251
60251
60252
60252
60271
60291
60291
60291
60292
60292
60301
60301
60302
60303
60304
60304
60305
60305
60306
60307
60309
60311
60312
60312
60314
60315
60318
60319
60319
60321
60323
60332
60401
60401
60402
60403
60406
60434
60434
60434
60435
60437
60471
60476
60477
60477
60477
60477
60477
60501
60507
60541
60542
60543
60543
60544
60544
60552
60602
60603
60603
60607
60608
60611
60611
60611
60612
60617
60617
60617
60617
60618
60618
60631
60631
60634
60634
60635
60674
60721
60722
60723
60723
60734
60734
60741
60742
60743
60744
60745
60745
60745
60751
60761
60762
60765
60771
60772
60776
60776
60777
60777
60801
60802
60803
60804
60804
60805
60805
60805
60831
60871
60871
60872
61001
61002
61003
61003
61003
61003
61003
61004
61004
61005
61006
61006
61006
61007
61008
61008
61009
61011
61012
61013
61014
61016
61017
61018
61041
61041
61041
61041
61041
61101
61101
61101
61102
61102
61102
61103
61103
61103
61104
61105
61105
61106
61201
61201
61202
61202
61203
61203
61204
61205
61206
61208
61301
61301
61302
61302
61302
61303
61304
61304
61305
61306
61306
61438
61448
61961
62001
62002
62003
62004
62004
62004
62005
62005
62008
62008
62009
62010
62012
62013
62014
62015
62016
62017
62018
62020
62021
62022
62023
62024
62026
62027
62028
62028
62028
62029
62030
62030
62030
62031
62031
62032
62033
62033
62034
62051
62051
62052
62052
62052
62053
62053
62054
62054
62055
62055
62060
62060
62060
62060
62081
62081
62091
62091
62091
62091
62091
62092
62092
62092
62101
62101
62101
62101
62102
62102
62103
62104
62104
62104
62105
62106
62106
62107
62108
62165
62165
62166
62166
62166
62192
62192
62193
62194
62194
62201
62201
62201
62202
62202
62202
62202
62203
62203
62203
62203
62203
62204
62204
62204
62205
62205
62206
62206
62211
62212
62212
62213
62213
62213
62222
62225
62226
62228
62251
62251
62252
62253
62253
62253
62254
62254
62256
62257
62301
62302
62302
62303
62304
62304
62305
62306
62307
62309
62311
62321
62322
62327
62327
62327
62334
62334
62335
62401
62402
62403
62403
62404
62405
62406
62407
62408
62408
62409
62411
62411
62412
62451
62452
62452
62453
62501
62501
62501
62502
62502
62503
62503
62503
62503
62504
62504
62505
62507
62508
62508
62508
62601
62602
62602
62603
62604
62604
62605
62606
62608
62701
62702
62801
62802
62803
62804
62806
62881
62881
62881
62882
62901
62902
62903
62904
62905
62921
62921
62921
62921
62922
62952
62954
62965
62967
62968
62973
63001
63002
63003
63005
63006
63007
63008
63009
63010
63011
63012
63013
63014
63015
63016
63017
63018
63019
63020
63021
63022
63023
63028
63032
63033
63034
63035
63036
63037
63038
63039
63040
63041
63043
63045
63050
63051
63055
63057
63058
63063
63064
63171
63172
63173
63174
63175
63177
63178
63201
63201
63201
63202
63202
63203
63203
63204
63204
63204
63301
63302
63304
63306
63306
63306
63307
63308
63308
63308
63402
63403
63404
63405
63406
63407
63407
63408
63408
63408
63408
63408
63501
63501
63501
63502
63502
63503
63504
63504
63506
63801
63802
63803
63804
63808
63808
63808
63961
63964
63965
63967
63969
64001
64002
64003
64003
64004
64006
64007
64008
64008
64010
64011
64012
64013
64015
64016
64016
64017
64018
64019
64021
64022
64028
64032
64034
64038
64039
64046
64050
64051
64053
64054
64058
64075
64078
64080
64081
64086
64101
64102
64103
64104
64104
64105
64106
64107
64108
64109
64112
64115
64116
64117
64141
64142
64143
64145
64146
64146
64147
64181
64182
64183
64184
64185
64201
64202
64202
64203
64204
64204
64205
64205
64208
64208
64231
64233
64234
64235
64237
64238
64301
64301
64301
64301
64301
64301
64302
64303
64303
64304
64401
64402
64403
64403
64404
64501
64502
64502
64503
64504
64511
64601
64602
64602
64603
64603
64604
64605
64701
64702
64703
64704
64705
64811
65001
65002
65002
65003
65004
65005
65006
65007
65008
65009
65009
65010
65013
65014
65015
65016
65017
65023
65101
65101
65102
65103
65104
65105
65106
65107
65111
65112
65171
65171
65171
65171
65171
65201
65201
65201
65201
65201
65201
65201
65201
65201
65202
65203
65204
65301
65303
65303
65311
65401
65402
65402
65402
65402
65402
65501
65501
65501
65701
65701
65801
65901
65921
65950
65951
66001
66001
66002
66002
66003
66004
66005
66006
66006
66007
66009
66011
66011
66012
66013
66015
66017
66020
66021
66025
66026
66026
66027
66027
66028
66029
66030
66031
66032
66033
66034
66035
66038
66039
66041
66043
66044
66046
66050
66050
66050
66070
66101
66102
66103
66111
66121
66123
66125
66141
66145
66161
66162
66165
66201
66201
66202
66202
66301
66302
66302
66331
66334
66334
66335
66335
66401
66403
66421
66422
66422
66501
66501
66502
66502
66601
66602
66651
66664
66701
66702
66703
66704
66751
66751
66755
66836
66860
66863
66866
66906
66921
66931
66945
66950
66961
66962
66963
66963
66966
66968
67001
67002
67003
67004
67005
67006
67007
67008
67009
67010
67012
67012
67013
67013
67014
67014
67014
67015
67015
67016
67017
67020
67021
67022
67023
67024
67025
67025
67026
67027
67027
67028
67029
67030
67031
67031
67032
67033
67033
67034
67035
67036
67037
67037
67038
67038
67038
67038
67039
67043
67044
67045
67046
67051
67052
67055
67060
67061
67064
67065
67067
67068
67069
67070
67073
67074
67075
67076
67077
67080
67081
67082
67083
67084
67085
67087
67087
67087
67087
67088
67088
67089
67090
67091
67096
67098
67099
67121
67121
67121
67122
67122
67123
67123
67123
67123
67123
67123
67125
67128
67129
67129
67129
67129
67129
67129
67129
67129
67129
67131
67131
67131
67131
67132
67132
67133
67133
67137
67138
67142
67142
67143
67144
67146
67151
67151
67151
67152
67158
67161
67162
67163
67165
67166
67171
67171
67172
67173
67173
67173
67211
67212
67213
67213
67213
67213
67213
67213
67214
67214
67214
67214
67214
67215
67216
67218
67231
67231
67231
67231
67232
67232
67232
67232
67232
67234
67234
67234
67235
67235
67241
67242
67243
67248
67261
67262
67262
67269
67301
67302
67303
67304
67305
67306
67307
67309
67311
67312
67318
67319
67381
67382
67383
67401
67401
67402
67402
67403
67403
67404
67404
67405
67406
67408
67411
67411
67411
67411
67411
67412
67412
67412
67441
67441
67441
67451
67452
67452
67453
67454
67454
67455
67456
67457
67458
67501
67502
67503
67503
67504
67504
67504
67506
67507
67507
67521
67541
67601
67601
67602
67602
67603
67603
67603
67604
67604
67604
67606
67606
67606
67606
67608
67608
67701
67701
67701
67702
67702
67702
67702
67703
67703
67704
67706
67706
67706
67708
67722
67722
67723
67724
67725
67726
67727
67728
67728
67801
67801
67802
67802
67803
67803
67833
67834
67836
67842
67891
67891
67891
67891
67905
67906
67911
67921
67925
67932
67945
67949
67957
67963
67964
67975
68001
68001
68002
68003
68004
68005
68006
68007
68008
68009
68009
68010
68012
68013
68014
68015
68016
68017
68018
68019
68019
68020
68021
68023
68024
68025
68025
68025
68025
68025
68025
68026
68027
68050
68050
68051
68051
68052
68053
68054
68055
68055
68056
68057
68057
68058
68059
68059
68059
68059
68060
68061
68062
68063
68064
68065
68066
68067
68068
68069
68070
68071
68072
68073
68074
68081
68082
68084
68085
68085
68086
68090
68091
68092
68093
68097
68131
68131
68132
68132
68134
68134
68151
68151
68152
68152
68152
68153
68153
68171
68172
68173
68221
68261
68262
68263
68264
68265
68271
68272
68273
68274
68301
68302
68303
68304
68305
68306
68307
68308
68311
68312
68313
68314
68315
68316
68317
68331
68333
68391
68392
68393
68501
68501
68502
68503
68504
68701
68701
68702
68702
68703
68704
68704
68704
68705
68801
68801
68801
68802
68802
68802
68804
68806
68806
68806
68806
68806
68806
68921
68944
68948
69061
69062
69064
69131
69132
69134
69136
69141
69142
69144
69147
69151
69151
69152
69153
69154
69171
69172
69173
69173
69173
69191
69192
69192
69195
69201
69201
69202
69202
69203
69204
69205
69205
69209
69211
69211
69212
69212
69213
69214
69215
69216
69217
69218
69219
69225
69226
69227
69228
69229
69235
69237
69239
69239
69241
69241
69242
69242
69244
69244
69246
69247
69251
69254
69255
69256
69257
69258
69261
69262
69263
69264
69265
69266
69267
69268
69269
69272
69276
69281
69281
69283
69285
69286
69287
69288
69289
69289
69291
69292
69293
69294
69297
69299
69301
69302
69302
69307
69307
69309
69316
69317
69321
69322
69325
69326
69327
69328
69329
69336
69337
69338
69341
69341
69342
69343
69343
69344
69346
69347
69348
69349
69351
69351
69352
69352
69353
69354
69355
69355
69356
69357
69357
69359
69361
69362
69363
69364
69365
69366
69367
69369
69371
69371
69371
69372
69373
69379
69384
69385
69388
69391
69392
69393
69393
69394
69394
69395
69396
69396
69397
69397
69398
69399
69399
69399
69399
69399
69399
69401
69402
69403
69404
69405
69406
69409
69411
69412
69413
69413
69414
69416
69418
69419
69421
69422
69423
69424
69425
69426
69427
69428
69429
69431
69432
69433
69435
69437
69438
69439
69441
69442
69443
69444
69445
69445
69445
69446
69447
69448
69451
69451
69452
69453
69454
69455
69456
69457
69458
69458
69459
69463
69465
69466
69468
69476
69477
69477
69481
69482
69484
69485
69486
69487
69488
69489
69489
69491
69493
69495
69502
69503
69504
69508
69511
69512
69513
69514
69515
69516
69517
69518
69542
69543
69544
69551
69552
69552
69553
69561
69563
69564
69565
69571
69572
69573
69574
69578
69579
69582
69583
69591
69591
69591
69592
69593
69594
69594
69594
69595
69595
69595
69595
69596
69601
69602
69603
69604
69605
69606
69608
69609
69611
69612
69613
69615
69616
69621
69621
69622
69623
69624
69625
69626
69627
69628
69631
69632
69633
69634
69635
69636
69636
69636
69637
69637
69638
69639
69641
69642
69643
69644
69645
69646
69647
69651
69651
69651
69652
69652
69652
69653
69653
69653
69653
69654
69654
69654
69655
69655
69655
69655
69656
69656
69656
69656
69657
69657
69658
69658
69658
69659
69659
69659
69661
69665
69665
69671
69672
69673
69674
69675
69676
69677
69678
69682
69684
69685
69686
69687
69692
69693
69694
69696
69701
69702
69702
69702
69714
69714
69726
69727
69732
69741
69742
69743
69744
69745
69746
69747
69748
69748
69751
69771
69771
69791
69792
69794
69796
69801
69802
69803
69804
69805
69806
69808
69811
69812
69813
69817
69822
69823
69823
69824
69881
69881
69882
69882
69882
69883
69883
69883
69891
69921
69922
69923
69924
69964
69965
69965
69965
69967
69967
69968
69969
69998
70001
70002
70002
70002
70003
70003
70004
70004
70005
70006
70007
70007
70007
70013
70014
70014
70014
70014
70014
70014
70014
70014
70020
70101
70101
70102
70102
70102
70103
70103
70103
70104
70201
70201
70202
70203
70204
70204
70204
70302
70303
70304
70304
70306
70306
70306
70306
70306
71001
71001
71002
71002
71003
71003
71004
71005
71006
71006
71007
71009
71009
71009
71010
71011
71012
71013
71013
71013
71017
71018
71019
71020
71021
71022
71023
71024
71025
71026
71027
71031
71040
71101
71102
71102
71102
71102
71102
71103
71103
71104
71104
71105
71105
71105
71106
71107
71107
71107
71108
71108
71109
71109
71109
71201
71202
71203
71203
71204
71205
71206
71301
71302
71303
71304
71304
71305
71306
71306
71307
71307
71307
71308
71309
71321
71322
71323
71324
71325
71326
71327
71327
71328
71328
71331
71332
71333
71401
71402
71403
71403
71404
71405
71406
71407
71501
71501
71502
71503
71601
71601
71601
71602
71602
71602
71603
71604
71604
72001
72002
72003
72004
72004
72005
72006
72007
72008
72009
72013
72014
72015
72016
72017
72018
72018
72019
72021
72022
72024
72025
72026
72027
72028
72028
72030
72032
72033
72034
72035
72037
72038
72039
72040
72041
72042
72043
72044
72045
72047
72048
72051
72055
72058
72071
72072
72077
72085
72086
72088
72201
72202
72202
72203
72205
72205
72206
72208
72231
72233
72237
72301
72301
72302
72303
72303
72304
72305
72401
72401
72402
72403
72403
72403
72403
72404
72405
72406
72406
72703
72703
73001
73002
73002
73003
73004
73004
73005
73006
73006
73006
73006
73007
73007
73008
73008
73009
73010
73011
73011
73011
73015
73016
73017
73018
73018
73020
73022
73024
73024
73025
73025
73026
73031
73079
73091
73091
73094
73094
73101
73102
73102
73103
73103
73104
73105
73106
73106
73107
73108
73108
73108
73108
73121
73122
73123
73124
73125
73151
73152
73153
73154
73155
73157
73192
73201
73202
73202
73203
73203
73203
73203
73204
73204
73206
73206
73206
73207
73208
73208
73211
73212
73214
73214
73221
73232
73232
73235
73261
73261
73261
73261
73276
73277
73277
73291
73291
73292
73292
73294
73294
73294
73295
73301
73301
73301
73302
73302
73302
73302
73303
73303
73303
73303
73321
73322
73371
73372
73373
73374
73375
73376
73377
73381
73382
73401
73403
73491
73492
73571
73571
73573
73601
73602
73603
73603
73603
73604
73701
73704
73705
73706
73707
73708
73801
73801
73801
73801
73801
73802
73802
73804
73805
73807
73808
74001
74002
74003
74004
74004
74005
74006
74007
74008
74009
74009
74010
74011
74012
74013
74014
74016
74017
74019
74019
74019
74019
74020
74023
74034
74036
74040
74041
74054
74054
74055
74101
74102
74102
74102
74103
74103
74103
74105
74105
74105
74105
74106
74106
74106
74107
74107
74107
74107
74107
74107
74108
74111
74112
74112
74131
74131
74132
74133
74134
74136
74151
74152
74154
74156
74161
74161
74161
74162
74163
74164
74166
74166
74201
74201
74201
74202
74203
74204
74204
74205
74205
74205
74206
74207
74208
74301
74302
74303
74303
74304
74304
74307
74308
74309
74311
74311
74312
74314
74331
74331
74332
74333
74334
74371
74371
74371
74374
74381
74401
74402
74403
74404
74405
74501
74501
74502
74502
74502
74502
74502
74603
74701
74702
74703
74704
74706
74801
74801
74802
74803
74803
74804
74804
74805
74807
74807
74808
74944
74951
74952
74953
74954
74962
74991
74994
74997
74998
75021
75023
75024
75026
75027
75028
75029
75030
75033
75036
75038
75039
75039
75040
75040
75041
75042
75042
75044
75045
75049
75050
75053
75054
75055
75056
75058
75061
75062
75063
75064
75065
75066
75068
75073
75074
75075
75077
75078
75078
75080
75081
75082
75083
75084
75086
75088
75089
75092
75096
75099
75100
75103
75104
75104
75106
75107
75108
75111
75112
75112
75113
75113
75115
75122
75127
75129
75131
75134
75140
75141
75144
75146
75155
75161
75162
75163
75165
75167
75168
75169
75171
75180
75181
75183
75184
75186
75189
75191
75192
75194
75195
75196
75197
75201
75202
75203
75204
75205
75212
75214
75219
75220
75221
75221
75222
75224
75224
75228
75229
75230
75230
75230
75231
75232
75233
75235
75237
75238
75240
75243
75244
75248
75250
75251
75252
75253
75256
75260
75261
75262
75263
75265
75270
75270
75271
75272
75272
75275
75275
75278
75279
75280
75280
75282
75291
75292
75294
75298
75302
75305
75306
75308
75311
75312
75314
75317
75317
75318
75320
75321
75322
75324
75325
75326
75327
75327
75328
75330
75332
75333
75334
75335
75337
75338
75340
75341
75343
75345
75361
75362
75363
75363
75364
75365
75366
75366
75367
75368
75370
75371
75373
75374
75375
75377
75378
75379
75380
75381
75382
75383
75384
75390
75395
75396
75400
75406
75407
75408
75410
75411
75413
75414
75415
75416
75417
75419
75420
75421
75422
75423
75424
75425
75427
75428
75429
75431
75432
75435
75436
75436
75437
75439
75440
75441
75442
75446
75450
75451
75452
75453
75455
75457
75461
75462
75463
75464
75468
75469
75475
75479
75480
75481
75482
75483
75484
75485
75486
75487
75488
75493
75498
75502
75504
75505
75508
75509
75513
75521
75522
75523
75524
75525
75526
75527
75530
75530
75534
75536
75537
75538
75540
75541
75543
75544
75544
75545
75546
75551
75554
75555
75556
75558
75560
75560
75561
75561
75561
75561
75562
75563
75570
75571
75572
75573
75574
75575
75576
75578
75579
75580
75581
75582
75583
75584
75587
75589
75590
75591
75592
75595
75597
75598
75599
75601
75603
75604
75605
75606
75607
75609
75610
75611
75612
75614
75616
75622
75623
75624
75625
75626
75627
75628
75629
75633
75634
75637
75638
75639
75640
75641
75641
75642
75643
75644
75645
75646
75647
75647
75647
75648
75649
75650
75651
75654
75657
75658
75660
75662
75663
75665
75665
75665
75665
75668
75670
75674
75675
75678
75679
75680
75682
75683
75685
75686
75690
75693
75694
75695
75696
75697
75698
75699
75701
75703
75706
75707
75710
75711
75714
75716
75718
75719
75720
75721
75722
75723
75724
75725
75725
75726
75730
75731
75732
75732
75734
75737
75738
75739
75740
75741
75743
75743
75745
75747
75748
75749
75749
75749
75750
75752
75752
75755
75755
75756
75757
75759
75761
75761
75762
75765
75766
75769
75769
75770
75770
75771
75772
75773
75775
75776
75781
75782
75783
75784
75784
75784
75786
75790
75794
75795
75796
75798
75800
75801
75802
75806
75809
75814
75817
75820
75822
75823
75824
75824
75825
75826
75827
75828
75829
75831
75834
75838
75838
75838
75839
75840
75844
75845
75847
75848
75849
75850
75852
75853
75854
75854
75858
75860
75861
75862
75863
75865
75866
75867
75868
75869
75870
75873
75876
75877
75879
75880
75881
75882
75883
75885
75886
75886
75889
75892
75895
75899
75899
75901
75902
75907
75908
75911
75914
75918
75920
75921
75922
75926
75927
75928
75930
75931
75933
75934
75935
75940
75942
75945
75947
75948
75949
75950
75951
75954
75955
75956
75957
75958
75959
75960
75961
75962
75965
75966
75968
75969
75970
75971
75972
75977
75978
75979
75980
75981
75985
75986
75989
75993
75997
75998
76001
76002
76003
76004
76005
76006
76007
76008
76008
76011
76012
76013
76015
76017
76018
76018
76020
76021
76022
76024
76028
76030
76030
76030
76031
76031
76032
76035
76036
76037
76038
76039
76040
76040
76041
76042
76043
76044
76045
76046
76047
76050
76051
76051
76052
76052
76053
76053
76054
76055
76056
76057
76058
76059
76060
76061
76061
76062
76063
76064
76065
76065
76065
76066
76067
76068
76070
76071
76072
76074
76076
76077
76080
76080
76080
76081
76083
76084
76085
76086
76087
76089
76095
76099
76101
76107
76108
76121
76121
76122
76123
76124
76125
76131
76132
76134
76135
76135
76136
76137
76138
76141
76142
76143
76144
76151
76151
76152
76152
76153
76153
76161
76161
76161
76161
76161
76171
76172
76173
76174
76175
76176
76176
76177
76177
76178
76179
76181
76183
76186
76191
76191
76191
76191
76192
76192
76192
76193
76193
76193
76194
76194
76194
76195
76195
76195
76195
76196
76196
76197
76197
76197
76201
76201
76201
76201
76202
76203
76203
76203
76204
76204
76204
76205
76206
76206
76206
76207
76207
76207
76208
76208
76208
76208
76209
76231
76231
76231
76232
76233
76233
76233
76235
76235
76236
76237
76301
76302
76303
76304
76305
76306
76308
76371
76371
76372
76373
76375
76376
76378
76379
76401
76402
76403
76403
76404
76405
76501
76501
76501
76501
76502
76503
76503
76504
76723
76801
76803
76803
76804
76805
76806
76807
76808
76821
76824
76884
76885
76886
77001
77001
77001
77001
77002
77002
77003
77004
77004
77005
77005
77007
77007
77008
77008
77010
77011
77012
77012
77013
77014
77015
77015
77016
77017
77017
77017
77018
77018
77019
77019
77021
77023
77025
77101
77102
77102
77103
77104
77105
77107
77108
77108
77109
77109
77112
77191
77191
77193
77194
77195
77196
77198
77201
77202
77202
77202
77203
77206
77207
77208
77211
77211
77212
77214
77215
77216
77221
77222
77223
77224
77231
77231
77231
77232
77232
77234
77234
77241
77242
77245
77246
77246
77247
77248
77251
77252
77253
77255
77257
77257
77257
77261
77261
77262
77262
77262
77263
77263
77264
77271
77272
77291
77292
77292
77293
77294
77295
77295
77301
77302
77303
77304
77305
77307
77309
77312
77312
77312
77312
77313
77313
77314
77315
77322
77323
77324
77331
77332
77333
77334
77334
77334
77334
77334
77335
77337
77341
77342
77343
77344
77347
77348
77351
77352
77352
77353
77353
77353
77354
77356
77357
77357
77381
77382
77384
77385
77388
77401
77401
77401
77402
77403
77403
77404
77404
77405
77405
77406
77407
77407
77408
77411
77411
77412
77412
77412
77413
77414
77417
77421
77421
77421
77422
77423
77424
77425
77426
77427
77428
77431
77432
77435
77435
77436
77436
77436
77437
77437
77437
77437
77437
77442
77444
77445
77446
77447
77448
77454
77455
77458
77462
77462
77463
77465
77465
77481
77481
77482
77483
77483
77484
77487
77487
77487
77488
77501
77502
77503
77504
77505
77506
77507
77508
77508
77521
77521
77522
77522
77523
77527
77527
77527
77541
77542
77545
77546
77547
77551
77551
77552
77552
77554
77555
77556
77557
77561
77563
77564
77566
77567
77568
77601
77601
77601
77603
77605
77606
77607
77608
77614
77614
77615
77615
77616
77645
77646
77649
77701
77701
77703
77704
77705
77706
77706
77708
77711
77711
77716
77722
77722
77723
77771
77772
77776
77777
77791
77791
77792
77792
77792
77793
77794
77796
77797
77797
77797
77798
77811
77814
77815
77816
77831
77832
77833
77834
77837
77871
77872
77872
77873
77873
77875
77875
77875
77876
77876
77931
77932
77932
77933
77951
77981
77982
77983
77983
77987
77987
78001
78002
78003
78004
78005
78005
78006
78007
78008
78009
78010
78011
78012
78013
78015
78018
78021
78022
78026
78027
78029
78032
78034
78035
78041
78042
78045
78047
78051
78052
78053
78053
78054
78055
78056
78056
78058
78061
78063
78064
78066
78067
78069
78096
78101
78102
78103
78104
78105
78105
78105
78105
78106
78108
78115
78118
78122
78129
78131
78132
78133
78135
78137
78141
78142
78143
78144
78145
78146
78147
78148
78151
78152
78153
78153
78154
78155
78157
78158
78161
78163
78164
78164
78165
78166
78171
78172
78173
78175
78176
78181
78182
78182
78183
78183
78184
78185
78185
78187
78188
78191
78192
78193
78194
78195
78196
78197
78198
78201
78202
78203
78204
78205
78205
78206
78207
78212
78221
78222
78231
78232
78234
78243
78245
78279
78282
78283
78284
78286
78288
78291
78292
78293
78301
78302
78303
78304
78306
78307
78307
78308
78311
78312
78312
78313
78314
78314
78315
78317
78317
78318
78321
78321
78322
78331
78331
78331
78344
78345
78346
78351
78352
78353
78353
78354
78355
78361
78363
78371
78372
78373
78374
78375
78377
78391
78395
78401
78403
78404
78411
78411
78411
78411
78413
78413
78413
78416
78417
78417
78417
78417
78421
78424
78431
78457
78471
78472
78472
78472
78501
78502
78503
78504
78505
78506
78507
78511
78511
78511
78512
78512
78513
78514
78515
78517
78518
78531
78532
78533
78534
78535
78536
78592
78592
78601
78602
78603
78604
78612
78612
78701
78702
78703
78705
78713
78713
78714
78714
78771
78772
78778
78801
78803
78805
78806
78851
78852
78854
78881
78884
78885
78924
78941
78943
78945
78946
78961
78995
78996
78997
79001
79002
79003
79004
79005
79006
79007
79008
79009
79010
79010
79011
79012
79012
79013
79016
79017
79021
79022
79024
79024
79025
79026
79027
79028
79028
79029
79030
79032
79033
79036
79037
79038
79038
79042
79043
79043
79043
79044
79044
79055
79061
79061
79074
79076
79082
79083
79084
79088
79101
79102
79103
79103
79104
79104
79104
79104
79105
79106
79106
79106
79143
79143
79143
79144
79182
79184
79185
79201
79201
79201
79201
79202
79202
79203
79204
79205
79205
79206
79231
79231
79231
79233
79234
79301
79301
79302
79303
79304
79305
79307
79308
79401
79401
79401
79402
79403
79403
79403
79404
80001
80002
80002
80002
80002
80003
80003
80004
80004
80005
80006
80006
80007
80008
80009
80010
80011
80011
80012
80013
80014
80015
80016
80017
80019
80020
80021
80022
80023
80025
80025
80026
80027
80028
80030
80031
80036
80037
80038
80039
80040
80040
80041
80042
80043
80044
80044
80044
80046
80046
80046
80048
80050
80051
80054
80054
80062
80063
80081
80083
80084
80085
80086
80088
80088
80091
80092
80093
80094
80095
80095
80096
80097
80098
80101
80102
80103
80104
80105
80106
80108
80142
80143
80144
80146
80146
80146
80146
80146
80201
80201
80202
80202
80203
80203
80205
80206
80206
80208
80208
80208
80208
80208
80208
80301
80301
80301
80301
80301
80301
80301
80301
80301
80302
80302
80303
80303
80332
80332
80332
80333
80333
80333
80334
80334
80335
80336
80531
80532
80532
80534
80535
80535
80535
81001
81002
81003
81004
81005
81005
81006
81007
81009
81011
81012
81012
81013
81013
81014
81017
81020
81020
81023
81027
81030
81031
81035
81101
81102
81103
81104
81104
81105
81106
81107
81108
81115
81116
81202
81202
81203
81203
81203
81204
81205
81205
81207
81208
81301
81302
81303
81304
81305
81501
81501
81502
81503
81601
81601
81601
81602
81603
81604
81604
81604
82001
82002
82003
82004
82005
82006
82008
82009
82012
82013
82014
82015
82017
82030
82033
82037
82048
82057
82060
82065
82080
82101
82102
82103
82103
82103
82103
82104
82201
82202
82208
82301
82302
82303
82303
82401
82402
82403
82403
82403
82403
82403
82403
83001
83002
83003
83003
83004
83005
83006
83007
83008
83011
83013
83014
83030
83030
83040
83040
83040
83041
83041
83041
83041
83042
83042
83050
83051
83052
83053
83054
83055
83056
83056
83057
83058
83059
83060
83061
83063
83064
83065
83067
83069
83070
83071
83073
83076
83077
83077
83077
83078
83078
83078
83079
83079
83079
83081
83083
83085
83085
83086
83087
83087
83087
83087
83088
83088
83088
83088
83089
83089
83089
83090
83091
83092
83093
83094
83095
83097
83098
83107
83112
83113
83117
83161
83162
83163
83165
83165
83167
83171
83172
83173
83174
83175
83177
83180
83181
83184
83187
83188
83191
83191
83192
83196
83196
83231
83236
83237
83311
83311
83312
83316
83372
83401
83402
83403
83404
83405
83406
83407
83407
83408
83409
83411
83412
83418
83481
83482
83482
83488
83501
83502
83504
83505
83507
83511
83512
83514
83521
83601
83602
83603
83604
83606
83608
83614
83615
83616
83616
83618
83701
83702
83703
83704
83704
83705
83707
83800
83800
83951
83952
83954
83957
83991
83992
83993
83994
83995
83998
83998
84003
84004
84005
84006
84007
84008
84009
84010
84011
84012
84013
84014
84016
84018
84021
84022
84023
84025
84027
84029
84031
84032
84033
84034
84035
84036
84041
84043
84045
84047
84049
84054
84056
84071
84072
84073
84078
84081
84082
84083
84084
84087
84090
84091
84092
84093
84094
84095
84096
84097
84098
84101
84102
84103
84104
84105
84106
84107
84108
84121
84122
84123
84124
84131
84132
84133
84134
84141
84142
84143
84144
84145
84146
84147
84201
84202
84202
84203
84204
84205
84206
84207
84208
84231
84232
84271
84271
84271
84271
84271
84272
84272
84272
84272
84275
84275
84275
84275
84276
84276
84276
84276
84276
84276
84278
84301
84302
84303
84304
84305
84306
84308
84401
84401
84402
84403
84404
84405
84501
84502
84503
84504
84505
84507
84601
84602
84603
84701
84702
84703
84704
84705
84706
84801
84802
84803
84804
84805
84808
84871
84872
84873
84874
84875
84901
84902
84905
84908
84909
84911
84912
84914
84915
84916
84917
84918
84951
84953
84954
84964
84965
84971
84975
84976
85001
85002
85003
85003
85004
85004
85005
85006
85006
85007
85007
85008
85009
85010
85010
85011
85012
85013
85014
85015
85015
85015
85016
85017
85018
85020
85020
85021
85021
85021
85022
85023
85024
85025
85026
85031
85033
85035
85035
85036
85101
85101
85102
85102
85102
85102
85103
85103
85104
85105
85105
85106
85106
85107
85107
85108
85109
85109
85109
85109
85111
85111
85118
85119
85161
85162
85163
85164
85165
85167
85201
85201
85202
85203
85203
85204
85205
85206
85206
85208
85291
85292
85301
85302
85302
85303
85303
85304
85304
85305
85305
85305
85306
85306
85307
85341
85342
85401
85402
85403
85403
85404
85404
85407
85501
85502
85503
85504
85505
85506
85601
85601
85601
85601
85602
85602
85602
85603
85603
85603
85603
85607
85607
85607
85607
85607
85607
85612
85613
85615
85616
85702
85702
85703
85707
85803
85804
85805
85806
85806
85806
85923
85925
85930
85932
85934
86001
86002
86003
86004
86004
86005
86005
86006
86006
86007
86007
86007
86008
86009
86010
86011
86012
86020
86021
86022
86023
86030
86034
86035
86036
86038
86043
86060
86060
86060
86061
86062
86062
86062
86066
86068
86068
86073
86101
86101
86101
86101
86102
86103
86104
86105
86106
86106
86107
86108
86131
86132
86134
86135
86201
86201
86202
86202
86206
86281
86282
86361
86362
86501
86502
86960
86961
86962
86963
86980
87001
87002
87003
87004
87005
87006
87007
87008
87009
87010
87011
87012
87014
87015
87015
87016
87017
87017
87020
87021
87022
87023
87023
87025
87030
87031
87032
87033
87035
87036
87037
87038
87039
87040
87041
87042
87043
87044
87045
87046
87047
87048
87050
87051
87052
87053
87054
87054
87055
87058
87060
87065
87067
87068
87069
87070
87071
87201
87202
87203
87203
87205
87206
87221
88001
88002
88002
88003
88004
88005
88005
88006
88007
88008
88009
88010
88011
88012
88013
88014
88015
88016
88017
88018
88020
88021
88025
88026
88027
88050
88050
88051
88052
88060
88084
88088
88101
88102
88102
88103
88103
88104
88105
88106
88106
88107
88108
88109
88121
88121
88123
88125
88127
88127
88131
88132
88132
88133
88133
88141
88143
88151
88151
88152
88152
88153
88154
88154
88155
88155
88161
88162
88165
88165
88187
88191
88192
88193
88194
88195
88198
88201
88202
88202
88202
88203
88204
88204
88204
88205
88206
88207
88211
88211
88212
88212
88214
88214
88301
88302
88302
88303
88304
88305
88306
88307
88309
88401
88402
88403
88407
88408
88501
88502
88503
88504
88507
88801
88802
88803
88804
88805
89001
89002
89002
89003
89003
89004
89004
89005
89006
89007
89009
89010
89011
89012
89015
89015
89021
89023
89024
89025
89027
89028
89089
89092
89093
89094
89095
89101
89101
89102
89102
89103
89103
89104
89104
89105
89105
89106
89106
89106
89107
89107
89107
89108
89108
89108
89108
89201
89202
89203
89204
89205
89206
89206
89206
89301
89302
89303
89304
89305
89306
89306
89306
90001
90001
90001
90002
90003
90004
90005
90006
90006
90007
90008
90010
90010
90012
90012
90013
90015
90016
90018
90019
90020
90022
90023
90025
90101
90101
90101
90101
90101
91001
91002
91002
91003
91003
91003
91004
91004
91004
91005
91005
91006
91006
91007
91007
91008
91008
91008
91010
91011
91012
91012
91013
91014
91015
91015
91016
91017
91018
91018
91019
91019
91019
91020
91021
91021
91022
91023
91023
91024
91024
91024
91025
91025
91026
91026
91026
91027
91028
91029
91029
91029
91030
91031
91031
91031
91032
91033
91034
91035
91036
91037
91038
91039
91040
91042
91042
91043
91044
91045
91045
91048
91050
91051
91052
91054
91055
91056
91058
91071
91072
91078
91078
91078
91101
91102
91103
91104
91105
91106
91107
91108
91122
91123
91124
91125
91126
91127
91128
91131
91132
91133
91133
91136
91137
91141
91151
91151
91152
91152
91153
91153
91154
91156
91161
91161
91162
91162
91163
91163
91164
91165
91165
91165
91165
91171
91172
91173
91177
91178
91179
91191
91191
91192
91192
91193
91194
91196
91198
91201
91201
91204
91205
91211
91214
91221
91221
91222
91222
91223
91241
91261
91263
91265
91268
91291
91291
91291
91291
91291
91291
91291
91292
91292
91292
91292
91292
91292
91294
91294
91294
91294
91294
91295
91297
91298
91301
91302
91303
91304
91305
91311
91311
91311
91311
91312
91312
91312
91314
91315
91315
91321
91322
91323
91325
91325
91325
91328
91331
91331
91331
91332
91332
91333
91334
91334
91342
91343
91346
91349
91351
91353
91355
91371
91374
91381
91385
91401
91401
91402
91403
91404
91405
91405
91405
91405
91406
91407
91412
91415
91415
91416
91421
91422
91423
91424
91427
91461
91462
91463
91541
91541
91542
91551
91551
91571
91572
91573
91601
91602
91602
91602
91605
91625
91625
91701
91702
91703
91704
91705
91706
91707
91708
91708
91712
91712
91731
91731
91741
91742
91743
91744
91745
91746
91749
91762
91767
91781
91781
91801
91801
91801
91802
91805
91813
91813
91814
91814
91855
91861
91872
91873
91874
91882
91884
91885
91886
91892
91893
91893
91893
91898
91899
91911
91912
91919
91921
91922
91923
91924
91941
91941
91941
91942
91942
91942
91943
91943
91943
91944
91944
91944
91945
91946
91947
91948
91951
91951
91952
91952
91953
91953
91955
91955
91957
91958
91958
91958
91959
91959
91961
91962
91963
91965
91966
91966
91967
91968
91969
91969
91969
91971
91971
91971
91974
91976
91978
91978
91978
92001
92002
92003
92004
92005
92006
92007
92008
92009
92010
92012
92013
92014
92015
92016
92017
92020
92021
92022
92023
92024
92024
92024
92026
92027
92028
92029
92031
92032
92035
92037
92038
92038
92038
92039
92040
92040
92042
92042
92044
92044
92044
92044
92044
92045
92046
92047
92047
92048
92048
92049
92050
92050
92050
92051
92051
92052
92053
92053
92053
92054
92055
92055
92056
92056
92057
92058
92058
92059
92060
92061
92062
92062
92063
92064
92065
92066
92067
92069
92070
92071
92071
92073
92073
92074
92075
92076
92076
92078
92079
92080
92080
92080
92081
92081
92081
92081
92081
92081
92082
92082
92083
92084
92085
92086
92088
92088
92088
92092
92092
92092
92093
92095
92095
92096
92098
92099
92099
92101
92102
92103
92103
92103
92103
92104
92105
92106
92108
92109
92111
92112
92113
92114
92115
92116
92117
92118
92121
92122
92123
92124
92126
92127
92128
92131
92132
92133
92134
92136
92137
92138
92141
92142
92143
92144
92145
92146
92147
92151
92152
92153
92154
92156
92158
92158
92159
92161
92162
92163
92164
92165
92166
92167
92168
92171
92172
92173
92174
92175
92176
92177
92178
92182
92183
92184
92185
92186
92188
92191
92192
92193
92194
92195
92196
92197
92201
92202
92203
92205
92206
92207
92208
92211
92212
92213
92213
92215
92216
92221
92222
92223
92224
92225
92226
92227
92228
92231
92232
92233
92234
92235
92237
92238
92239
92241
92242
92243
92245
92246
92247
92249
92251
92252
92253
92254
92256
92257
92261
92262
92263
92265
92266
92274
92275
92276
92277
92280
92284
92286
92287
92288
92289
92291
92292
92293
92295
92296
92297
92298
92301
92302
92303
92304
92305
92306
92306
92307
92309
92309
92311
92312
92316
92318
92319
92321
92321
92322
92323
92324
92325
92327
92328
92331
92332
92333
92337
92341
92342
92351
92352
92353
92354
92355
92356
92357
92358
92361
92362
92366
92371
92372
92391
92392
92394
92396
92397
92398
92401
92402
92403
92404
92405
92406
92407
92408
92409
92411
92412
92413
92414
92415
92417
92418
92419
92419
92423
92441
92442
92443
92444
92445
92446
92454
92501
92502
92503
92504
92506
92507
92508
92513
92514
92516
92517
92521
92522
92522
92522
92523
92524
92528
92532
92533
92534
92536
92541
92542
92543
92545
92547
92548
92552
92561
92563
92564
92565
92566
92567
92569
92571
92573
92575
92576
92577
92578
92581
92582
92583
92585
92586
92587
92588
92592
92593
92593
92594
92595
92596
92599
92601
92602
92603
92604
92606
92607
92612
92614
92615
92622
92631
92632
92633
92634
92635
92636
92637
92638
92641
92642
92643
92645
92649
92650
92651
92652
92653
92655
92656
92658
92659
92660
92665
92671
92671
92677
92682
92686
92689
92697
92701
92702
92703
92704
92705
92706
92707
92708
92709
92711
92714
92715
92722
92723
92727
92728
92729
92730
92731
92733
92735
92737
92739
92741
92743
92744
92745
92747
92748
92752
92756
92761
92762
92763
92771
92772
92773
92774
92777
92781
92782
92784
92785
92787
92789
92792
92793
92798
92801
92802
92803
92804
92805
92806
92807
92808
92809
92811
92813
92815
92816
92817
92818
92823
92842
92846
92851
92853
92854
92859
92861
92862
92863
92865
92866
92867
92901
92902
92906
92907
92908
92909
92910
92911
92911
92912
92913
92914
92914
92914
92915
92916
92917
92919
92919
92920
92923
92925
92927
92927
92928
92929
92930
92931
92931
92932
92932
92933
92933
92934
92935
92936
92937
92939
92939
92971
92972
92973
92974
92974
92974
92975
92975
92977
92977
92979
92980
92980
92981
92982
92982
92983
92984
92985
92985
92986
92987
92988
92999
93001
93002
93003
93005
93006
93007
93008
93009
93012
93012
93012
93013
93016
93017
93022
93101
93102
93103
93104
93105
93106
93107
93108
93109
93111
93112
93113
93114
93115
93116
93117
93118
93121
93122
93123
93126
93127
93131
93132
93134
93135
93136
93141
93143
93146
93147
93148
93151
93152
93153
93154
93155
93156
93157
93161
93161
93162
93163
93164
93165
93166
93167
93168
93169
93171
93172
93174
93175
93176
93177
93181
93182
93186
93191
93192
93193
93194
93195
93196
93201
93202
93203
93204
93205
93206
93207
93208
93211
93212
93213
93214
93216
93217
93218
93221
93222
93231
93234
93241
93245
93261
93271
93274
93275
93282
93283
93284
93284
93285
93287
93294
93297
93297
93297
93297
93301
93302
93303
93304
93305
93306
93307
93307
93308
93311
93315
93321
93323
93324
93325
93327
93331
93332
93337
93341
93348
93351
93352
93361
93362
93363
93364
93364
93381
93382
93401
93402
93403
93404
93406
93407
93408
93413
93418
93421
93422
93423
93424
93431
93436
93441
93451
93453
93454
93455
93456
93457
93458
93462
93464
93465
93473
93481
93482
93489
93501
93502
93503
93505
93506
93507
93508
93511
93512
93513
93514
93515
93516
93521
93522
93523
93526
93527
93528
93531
93532
93533
93534
93536
93536
93537
93541
93547
93555
93556
93558
93561
93561
93562
93571
93574
93578
93581
93582
93583
93584
93585
93586
93587
93588
93589
93591
93601
93602
93602
93603
93604
93605
93605
93606
93608
93611
93612
93613
93614
93615
93616
93617
93617
93618
93619
93621
93622
93623
93631
93633
93634
93691
93692
93693
93694
93695
93696
93697
93698
93699
93701
93705
93711
93801
93802
93806
93807
93812
93881
93885
93891
93901
94001
94002
94003
94004
94005
94006
94007
94008
94009
94010
94011
94012
94013
94014
94015
94016
94017
94018
94019
94020
94021
94022
94025
94027
94031
94033
94034
94035
94036
94037
94042
94043
94044
94045
94046
94048
94049
94051
94101
94102
94103
94104
94106
94107
94111
94112
94113
94114
94115
94117
94118
94121
94122
94123
94124
94125
94126
94127
94129
94131
94132
94134
94135
94136
94137
94138
94141
94142
94143
94146
94151
94152
94152
94153
94153
94153
94154
94154
94156
94158
94159
94161
94162
94165
94171
94172
94191
94192
94193
94194
94195
94201
94202
94203
94204
94205
94206
94207
94208
94211
94214
94221
94222
94222
94223
94223
94224
94225
94227
94228
94229
94229
94231
94232
94234
94235
94236
94237
94241
94242
94246
94247
94249
94251
94252
94253
94254
94255
94256
94257
94257
94258
94261
94261
94262
94263
94266
94267
94268
94271
94272
94275
94276
94277
94278
94281
94301
94302
94303
94304
94305
94306
94306
94307
94311
94321
94324
94341
94344
94345
94351
94351
94353
94354
94356
94357
94361
94362
94363
94366
94371
94371
94372
94373
94381
94382
94384
94385
94386
94386
94387
94388
94389
94391
94392
94393
94394
94396
94396
94398
94399
94401
94402
94403
94404
94405
94407
94408
94411
94411
94412
94413
94415
94417
94419
94431
94432
94433
94434
94435
94436
94437
94438
94451
94452
94453
94454
94456
94471
94472
94475
94476
94477
94477
94478
94501
94502
94503
94504
94506
94507
94508
94511
94512
94512
94513
94514
94515
94515
94516
94516
94516
94517
94518
94519
94521
94522
94523
94524
94525
94525
94526
94527
94528
94531
94532
94533
94534
94534
94535
94535
94536
94536
94537
94538
94539
94541
94542
94542
94543
94544
94544
94546
94546
94547
94548
94549
94551
94561
94562
94563
94563
94563
94564
94565
94565
94566
94567
94568
94569
94569
94571
94571
94572
94573
94574
94575
94575
94576
94577
94578
94579
94581
94581
94582
94583
94584
94584
94585
94585
94586
94586
94587
94587
94588
94589
94591
94592
94592
94593
94594
94594
94595
94596
94596
94597
94597
94598
94599
94601
94602
94603
94607
94607
94611
94612
94613
94616
94616
94617
94619
94619
94619
94621
94622
94623
94623
94626
94626
94626
94626
94627
94631
94632
94633
94633
94634
94635
94635
94635
94637
94637
94638
94639
94641
94642
94642
94643
94643
94643
94645
94647
94648
94648
94651
94653
94654
94656
94657
94658
94658
94659
94661
94663
94663
94664
94666
94667
94669
94674
94676
94677
94683
94684
94701
94702
94703
94704
94706
94709
94709
94710
94722
94725
94731
94732
94733
94736
94737
94738
94741
94742
94743
94745
94748
94762
94768
94782
94801
94802
94804
94805
94806
94807
94808
94811
94813
94814
94815
94831
94832
94851
94853
94854
94855
94856
94859
94861
94862
94864
94865
94866
94951
94956
94968
94974
95001
95001
95002
95003
95004
95004
95005
95005
95005
95006
95007
95008
95010
95011
95011
95012
95012
95013
95014
95015
95015
95015
95015
95017
95018
95020
95020
95021
95021
95022
95023
95023
95024
95027
95027
95028
95030
95030
95031
95031
95031
95031
95032
95033
95034
95035
95036
95037
95038
95040
95041
95041
95042
95046
95046
95050
95051
95052
95053
95054
95055
95056
95060
95061
95062
95063
95064
95065
95067
95070
95071
95072
95073
95074
95075
95076
95076
95077
95078
95090
95091
95092
95093
95093
95094
95095
95098
95101
95102
95103
95104
95105
95105
95106
95107
95111
95112
95115
95117
95118
95121
95122
95123
95124
95125
95126
95131
95131
95132
95133
95134
95137
95138
95141
95142
95144
95145
95146
95151
95152
95153
95155
95157
95158
95161
95162
95191
95191
95192
95193
95194
95194
95196
95197
95198
95201
95202
95203
95204
95205
95206
95208
95211
95212
95213
95221
95222
95223
95224
95224
95226
95228
95231
95232
95251
95252
95301
95301
95302
95302
95303
95303
95304
95305
95306
95307
95308
95311
95311
95312
95312
95313
95315
95321
95322
95331
95332
95332
95332
95332
95332
95332
95332
95333
95333
95334
95335
95335
95335
95355
95411
95412
95413
95441
95441
95471
95471
95472
95472
95476
95476
95476
95476
95476
95476
95477
95501
95502
95503
95503
95505
95505
95505
95506
95508
95508
95521
95521
95521
95523
95524
95525
95525
95526
95527
95527
95528
95551
95601
95602
95603
95604
95604
95605
95611
95611
95612
95612
95613
95613
95614
95614
95614
95614
95615
95615
95615
95616
95617
95617
95617
95617
95651
95651
95651
95691
95692
95696
95701
95701
95702
95703
95703
95704
95704
95705
95705
95706
95706
95707
95707
95708
95708
95709
95709
95709
95711
95711
95711
95712
95712
95713
95713
95713
95714
95715
95715
95715
95716
95716
95716
95716
95718
95721
95721
95722
95722
95723
95723
95723
95724
95724
95725
95725
95726
95727
95727
95731
95731
95732
95733
95734
95735
95735
95737
95741
95741
95741
95741
95742
95742
95746
95746
95747
95747
95801
95802
95803
95803
95804
95804
95804
95805
95806
95806
95807
95808
95813
95814
95815
95842
95861
95862
95863
95864
95865
95866
95871
95872
95873
95875
95876
95891
95892
95895
95911
95911
95912
95912
95912
95913
95913
95913
95921
95926
95926
95926
95931
95931
95931
95931
95932
95932
95933
95933
95934
95934
95934
95934
95940
95940
95940
95941
95941
95942
95942
95942
95943
95943
95943
95944
95944
95944
95945
95945
95945
95946
95946
95946
95946
95947
95947
95948
95948
95948
95950
95950
95950
95950
95951
95952
95953
95953
95954
95956
95956
95956
95957
95957
95957
95958
95958
95958
95970
95970
95970
95971
95971
95971
95971
95972
95972
95973
95973
95973
95974
95974
95974
95975
95975
95976
95976
95977
95978
95978
97004
97051
97052
97053
97054
97055
97056
97057
97058
97059
97059
97060
97062
97079
97080
97082
97085
97086
97095
97101
97102
97102
97103
97104
97106
97107
97108
97109
97109
97151
97151
97152
97152
97153
97153
97154
97155
97156
97157
97158
97159
97159
97161
97162
97163
97164
97165
97165
97166
97167
97168
97168
97169
97169
97171
97172
97173
97176
97178
97178
97181
97181
97182
97182
97183
97187
97188
97189
97191
97193
97193
97194
97195
97195
97196
97197
97198
97201
97202
97203
97204
97205
97206
97207
97208
97209
97210
97241
97242
97244
97245
97246
97247
97248
97252
97255
97256
97257
97258
97259
97261
97262
97263
97264
97271
97272
97273
97274
97275
97276
97278
97279
97282
97283
97284
97285
97286
97287
97288
97289
97292
97305
97306
97306
97307
97308
97321
97322
97322
97322
97323
97323
97324
97324
97325
97325
97326
97326
97327
97328
97329
97329
97331
97332
97333
97333
97333
97334
97335
97335
97336
97337
97338
97339
97341
97341
97342
97343
97344
97345
97346
97346
97346
97357
97371
97372
97373
97374
97375
97376
97377
97378
97379
97381
97382
97383
97384
97385
97387
97388
97393
97401
97402
97403
97404
97405
97408
97408
97447
97448
97449
97451
97452
97453
97454
97454
97455
97456
97457
97458
97459
97461
97461
97462
97463
97463
97463
97463
97464
97464
97464
97464
97465
97466
97467
97467
97468
97468
97469
97471
97472
97473
97474
97475
97476
97477
97478
97479
97481
97482
97483
97484
97485
97486
97487
97488
97489
97491
97492
97493
97494
97495
97497
97701
97702
97704
97705
97706
97707
97708
97709
97713
97715
97716
97717
97719
97725
97743
97744
97751
97801
97802
97803
97804
97821
97822
97822
97822
97823
97824
97825
97826
97827
97828
97829
97829
97831
97832
97832
97833
97833
97834
97835
97836
97836
97837
97838
97839
97851
97861
97861
97862
97863
97864
97866
97867
97868
97872
97899
98001
98002
98004
98005
98012
98702
98713
98717
98803
98845
98846
98848
98849
98851
98857
